AVOE LOG FILE: Sun Nov 16 17:32:01 2025
1 Sun Nov 16 17:32:04 2025
!HSI 0.125000 -3.562500 5.687500 -0.020000 0.013333 -0.034444 -0.640000 -0.890000 9.410000 -4.562500 -9.500000 -6.875000 -0.020000 0.080000 -0.320000 -0.610000 -0.970000 9.730000 
2 Sun Nov 16 17:32:04 2025
!HSI 0.625000 -3.625000 6.375000 -0.042222 -0.015556 -0.030000 -0.650000 -0.910000 9.490000 -3.062500 -9.062500 -8.500000 -0.010000 0.210000 -0.220000 -0.610000 -1.100000 9.720000 
3 Sun Nov 16 17:32:04 2025
!HSI 1.062500 -3.125000 6.375000 0.047778 -0.026667 -0.032222 -0.540000 -1.030000 9.610000 -3.875000 -9.375000 -7.000000 0.000000 0.050000 -0.110000 -0.530000 -1.090000 9.730000 
4 Sun Nov 16 17:32:04 2025
!HSI 1.500000 -3.125000 5.687500 0.018889 0.018889 -0.012222 -0.660000 -0.960000 9.470000 -4.187500 -9.000000 -8.187500 -0.100000 0.020000 -0.220000 -0.540000 -0.970000 9.740000 
5 Sun Nov 16 17:32:05 2025
!HSI 1.375000 -3.187500 5.812500 -0.020000 -0.016667 0.008889 -0.590000 -0.940000 9.490000 -4.187500 -9.000000 -7.000000 -0.040000 0.050000 -0.240000 -0.540000 -1.000000 9.730000 
6 Sun Nov 16 17:32:05 2025
!HSI 1.375000 -3.000000 6.125000 -0.018889 0.005556 -0.008889 -0.520000 -0.960000 9.470000 -4.562500 -9.000000 -7.750000 0.000000 0.060000 -0.270000 -0.520000 -1.050000 9.730000 
7 Sun Nov 16 17:32:05 2025
!HSI 1.875000 -3.812500 6.625000 -0.030000 0.080000 -0.033333 -0.640000 -0.990000 9.490000 -4.562500 -9.250000 -8.187500 0.010000 0.170000 -0.210000 -0.660000 -1.140000 9.710000 
8 Sun Nov 16 17:32:06 2025
!HSI 2.437500 -4.250000 6.750000 0.036667 -0.050000 -0.028889 -0.710000 -1.020000 9.550000 -4.187500 -9.562500 -8.000000 0.000000 0.120000 -0.150000 -0.720000 -1.150000 9.710000 
9 Sun Nov 16 17:32:06 2025
!HSI 2.625000 -2.687500 5.625000 0.068889 -0.082222 -0.008889 -0.620000 -1.000000 9.500000 -4.562500 -10.250000 -7.687500 -0.150000 -0.030000 -0.240000 -0.460000 -0.960000 9.740000 
10 Sun Nov 16 17:32:06 2025
!HSI 2.687500 -2.687500 5.562500 -0.044444 0.064444 -0.015556 -0.510000 -0.910000 9.440000 -5.375000 -10.500000 -8.562500 -0.050000 0.040000 -0.300000 -0.460000 -0.950000 9.740000 
11 Sun Nov 16 17:32:07 2025
!HSI 3.062500 -3.375000 6.125000 -0.005556 -0.006667 -0.018889 -0.590000 -0.970000 9.540000 -3.062500 -9.375000 -8.687500 0.000000 0.070000 -0.180000 -0.580000 -1.050000 9.730000 
12 Sun Nov 16 17:32:07 2025
!HSI 3.312500 -2.687500 6.000000 -0.006667 -0.013333 -0.013333 -0.540000 -0.980000 9.570000 -4.250000 -9.500000 -9.062500 -0.080000 0.030000 -0.160000 -0.460000 -1.020000 9.740000 
13 Sun Nov 16 17:32:07 2025
!HSI 3.625000 -3.125000 6.500000 -0.023333 0.040000 -0.022222 -0.520000 -0.920000 9.480000 -4.250000 -9.375000 -8.750000 0.030000 0.170000 -0.280000 -0.540000 -1.110000 9.720000 
14 Sun Nov 16 17:32:08 2025
!HSI 3.875000 -2.937500 6.000000 0.077778 -0.072222 -0.008889 -0.560000 -1.000000 9.500000 -3.562500 -9.750000 -8.375000 -0.050000 0.030000 -0.220000 -0.500000 -1.020000 9.730000 
15 Sun Nov 16 17:32:08 2025
!HSI 3.812500 -1.812500 5.000000 0.012222 -0.027778 0.001111 -0.480000 -0.880000 9.490000 -5.187500 -9.875000 -9.000000 -0.160000 -0.020000 -0.260000 -0.310000 -0.860000 9.760000 
16 Sun Nov 16 17:32:08 2025
!HSI 3.812500 -2.312500 5.625000 -0.067778 0.043333 0.004444 -0.450000 -0.850000 9.480000 -4.875000 -10.187500 -8.500000 -0.040000 0.110000 -0.260000 -0.400000 -0.970000 9.740000 
17 Sun Nov 16 17:32:08 2025
!HSI 3.812500 -2.562500 6.375000 -0.020000 -0.014444 0.008889 -0.440000 -0.900000 9.530000 -4.187500 -8.375000 -8.562500 0.000000 0.180000 -0.190000 -0.440000 -1.090000 9.730000 
18 Sun Nov 16 17:32:09 2025
!HSI 3.562500 -2.125000 5.750000 0.067778 0.004444 0.028889 -0.430000 -0.980000 9.580000 -4.500000 -9.375000 -10.000000 -0.060000 0.000000 -0.160000 -0.370000 -0.970000 9.750000 
19 Sun Nov 16 17:32:09 2025
!HSI 3.062500 -2.812500 5.000000 0.008889 0.040000 0.025556 -0.450000 -0.900000 9.390000 -4.500000 -9.750000 -8.000000 0.030000 -0.040000 -0.360000 -0.480000 -0.860000 9.750000 
20 Sun Nov 16 17:32:09 2025
!HSI 2.687500 -2.687500 5.437500 -0.041111 -0.062222 0.012222 -0.490000 -0.860000 9.420000 -4.375000 -9.750000 -9.687500 -0.030000 0.070000 -0.320000 -0.450000 -0.930000 9.750000 
21 Sun Nov 16 17:32:10 2025
!HSI 2.625000 -1.875000 6.062500 -0.036667 0.010000 -0.004444 -0.390000 -0.940000 9.790000 -5.187500 -8.750000 -10.000000 -0.070000 0.090000 0.040000 -0.320000 -1.040000 9.740000 
22 Sun Nov 16 17:32:10 2025
!HSI 2.500000 -2.812500 6.312500 0.018889 0.053333 0.033333 -0.430000 -1.030000 9.660000 -4.875000 -8.687500 -10.562500 0.050000 0.040000 -0.070000 -0.490000 -1.080000 9.730000 
23 Sun Nov 16 17:32:10 2025
!HSI 1.875000 -2.375000 5.500000 0.042222 -0.090000 0.020000 -0.400000 -0.890000 9.270000 -5.000000 -9.000000 -9.000000 0.000000 0.040000 -0.470000 -0.400000 -0.930000 9.750000 
24 Sun Nov 16 17:32:11 2025
!HSI 2.062500 -1.812500 5.750000 -0.054444 0.057778 -0.033333 -0.390000 -0.900000 9.500000 -5.187500 -9.375000 -10.500000 -0.070000 0.080000 -0.240000 -0.320000 -0.990000 9.750000 
25 Sun Nov 16 17:32:11 2025
!HSI 2.500000 -3.187500 6.062500 0.037778 0.058889 0.002222 -0.470000 -1.120000 9.680000 -4.875000 -1.062500 -9.375000 0.080000 -0.080000 -0.050000 -0.560000 -1.030000 9.730000 
26 Sun Nov 16 17:32:11 2025
!HSI 2.062500 -2.687500 5.187500 0.023333 -0.092222 0.036667 -0.450000 -0.900000 9.450000 -5.187500 -9.187500 -10.500000 0.000000 -0.010000 -0.300000 -0.460000 -0.890000 9.750000 
27 Sun Nov 16 17:32:11 2025
!HSI 1.750000 -2.062500 5.687500 -0.053333 0.008889 -0.021111 -0.330000 -0.750000 9.390000 -5.062500 -8.375000 -10.062500 0.020000 0.220000 -0.350000 -0.360000 -0.980000 9.750000 
28 Sun Nov 16 17:32:12 2025
!HSI 2.437500 -2.250000 5.625000 0.083333 -0.007778 -0.037778 -0.460000 -0.960000 9.650000 -4.750000 -9.187500 -11.000000 -0.070000 0.000000 -0.090000 -0.380000 -0.950000 9.750000 
29 Sun Nov 16 17:32:12 2025
!HSI 2.687500 -2.437500 4.187500 0.024444 0.034444 0.023333 -0.420000 -0.770000 9.490000 -4.562500 -10.062500 -10.875000 0.000000 -0.050000 -0.280000 -0.430000 -0.710000 9.770000 
30 Sun Nov 16 17:32:12 2025
!HSI 2.437500 -2.875000 4.937500 -0.075556 0.001111 -0.020000 -0.330000 -0.620000 9.330000 -5.250000 -9.187500 -11.500000 0.140000 0.260000 -0.420000 -0.490000 -0.850000 9.750000 
31 Sun Nov 16 17:32:13 2025
!HSI 3.062500 -2.312500 5.125000 0.058889 -0.060000 -0.041111 -0.500000 -1.000000 9.650000 -5.187500 -9.875000 -10.687500 -0.100000 -0.120000 -0.100000 -0.400000 -0.880000 9.750000 
32 Sun Nov 16 17:32:13 2025
!HSI 3.375000 -2.250000 4.500000 -0.012222 0.054444 0.007778 -0.450000 -0.890000 9.550000 -5.687500 -10.062500 -10.500000 -0.060000 -0.100000 -0.230000 -0.390000 -0.780000 9.760000 
33 Sun Nov 16 17:32:13 2025
!HSI 3.250000 -3.187500 5.750000 -0.090000 0.017778 -0.011111 -0.360000 -0.760000 9.450000 -4.375000 -9.062500 -12.062500 0.190000 0.220000 -0.280000 -0.550000 -0.980000 9.740000 
34 Sun Nov 16 17:32:14 2025
!HSI 3.750000 -2.375000 5.812500 0.065556 -0.071111 -0.044444 -0.450000 -0.940000 9.570000 -5.062500 -9.000000 -11.500000 -0.040000 0.040000 -0.170000 -0.410000 -0.990000 9.740000 
35 Sun Nov 16 17:32:14 2025
!HSI 4.250000 -1.812500 4.437500 0.035556 0.014444 -0.010000 -0.450000 -0.820000 9.500000 -5.687500 -9.875000 -11.062500 -0.110000 -0.060000 -0.280000 -0.310000 -0.760000 9.770000 
36 Sun Nov 16 17:32:14 2025
!HSI 4.375000 -2.750000 5.062500 -0.047778 0.048889 -0.026667 -0.370000 -0.750000 9.520000 -5.062500 -10.187500 -12.062500 0.100000 0.110000 -0.220000 -0.470000 -0.870000 9.750000 
37 Sun Nov 16 17:32:15 2025
!HSI 4.812500 -2.250000 4.812500 0.055556 -0.070000 -0.017778 -0.470000 -0.900000 9.510000 -4.687500 -9.750000 -12.687500 -0.070000 -0.070000 -0.240000 -0.380000 -0.810000 9.760000 
38 Sun Nov 16 17:32:15 2025
!HSI 5.125000 -1.812500 4.687500 -0.048889 0.042222 -0.032222 -0.370000 -0.770000 9.490000 -4.875000 -10.500000 -11.875000 -0.060000 0.030000 -0.270000 -0.310000 -0.810000 9.760000 
39 Sun Nov 16 17:32:15 2025
!HSI 5.875000 -3.250000 5.937500 -0.045556 0.068889 -0.022222 -0.560000 -0.920000 9.550000 -3.875000 -10.187500 -12.500000 -0.010000 0.090000 -0.170000 -0.550000 -1.010000 9.730000 
40 Sun Nov 16 17:32:15 2025
!HSI 5.812500 -2.687500 5.562500 0.054444 -0.088889 0.007778 -0.380000 -0.860000 9.450000 -4.375000 -9.875000 -12.187500 0.070000 0.090000 -0.290000 -0.450000 -0.950000 9.740000 
41 Sun Nov 16 17:32:16 2025
!HSI 6.187500 -1.750000 5.000000 0.007778 0.001111 -0.047778 -0.430000 -0.920000 9.480000 -5.062500 -10.687500 -11.875000 -0.120000 -0.060000 -0.270000 -0.300000 -0.860000 9.760000 
42 Sun Nov 16 17:32:16 2025
!HSI 6.750000 -2.250000 5.250000 -0.028889 0.034444 -0.020000 -0.500000 -0.920000 9.470000 -5.500000 -10.187500 -12.000000 -0.110000 -0.020000 -0.280000 -0.380000 -0.900000 9.750000 
43 Sun Nov 16 17:32:16 2025
!HSI 6.937500 -2.437500 5.812500 -0.018889 0.001111 -0.022222 -0.410000 -0.820000 9.430000 -3.250000 -10.687500 -12.000000 0.000000 0.170000 -0.310000 -0.420000 -0.990000 9.740000 
44 Sun Nov 16 17:32:17 2025
!HSI 7.562500 -2.062500 5.812500 0.024444 -0.032222 -0.026667 -0.470000 -0.940000 9.590000 -4.062500 -11.062500 -12.750000 -0.120000 0.020000 -0.070000 -0.340000 -0.990000 9.750000 
45 Sun Nov 16 17:32:17 2025
!HSI 7.687500 -1.812500 5.125000 0.051111 0.008889 -0.010000 -0.390000 -0.900000 9.580000 -5.250000 -11.062500 -12.750000 -0.070000 -0.030000 -0.180000 -0.310000 -0.870000 9.760000 
46 Sun Nov 16 17:32:17 2025
!HSI 7.875000 -1.875000 4.375000 0.027778 -0.007778 -0.022222 -0.390000 -0.800000 9.400000 -5.687500 -12.187500 -13.250000 -0.060000 -0.050000 -0.360000 -0.320000 -0.740000 9.770000 
47 Sun Nov 16 17:32:18 2025
!HSI 8.312500 -1.750000 4.625000 -0.055556 -0.011111 -0.023333 -0.410000 -0.780000 9.440000 -5.375000 -11.562500 -13.000000 -0.110000 0.010000 -0.320000 -0.300000 -0.800000 9.760000 
48 Sun Nov 16 17:32:18 2025
!HSI 8.687500 -1.812500 5.687500 -0.058889 0.025556 -0.017778 -0.400000 -0.830000 9.540000 -5.000000 -12.687500 -13.000000 -0.080000 0.150000 -0.200000 -0.310000 -0.980000 9.750000 
49 Sun Nov 16 17:32:18 2025
!HSI 8.937500 -2.125000 5.625000 0.075556 -0.024444 -0.014444 -0.420000 -0.800000 9.610000 -5.062500 -11.875000 -13.375000 -0.060000 0.150000 -0.130000 -0.360000 -0.960000 9.750000 
50 Sun Nov 16 17:32:19 2025
!HSI 9.312500 -1.625000 4.062500 0.070000 -0.014444 -0.025556 -0.420000 -0.860000 9.440000 -5.375000 -11.875000 -13.000000 -0.140000 -0.160000 -0.330000 -0.270000 -0.690000 9.770000 
51 Sun Nov 16 17:32:19 2025
!HSI 9.750000 -2.437500 4.812500 -0.112222 0.062222 -0.023333 -0.450000 -0.750000 9.420000 -4.687500 -13.000000 -12.375000 -0.040000 0.070000 -0.330000 -0.410000 -0.820000 9.760000 
52 Sun Nov 16 17:32:19 2025
!HSI 10.125000 -2.812500 6.312500 -0.031111 -0.024444 -0.016667 -0.490000 -0.950000 9.610000 -4.375000 -12.375000 -14.500000 0.000000 0.120000 -0.120000 -0.480000 -1.080000 9.730000 
53 Sun Nov 16 17:32:19 2025
!HSI 10.312500 -2.125000 5.812500 0.055556 -0.035556 -0.017778 -0.440000 -0.940000 9.590000 -4.375000 2035.312500 -13.250000 -0.060000 0.050000 -0.150000 -0.360000 -0.990000 9.740000 
54 Sun Nov 16 17:32:20 2025
!HSI 10.437500 -2.000000 5.062500 0.042222 0.001111 -0.005556 -0.440000 -0.860000 9.460000 -4.750000 -12.687500 -13.000000 -0.080000 0.000000 -0.290000 -0.350000 -0.860000 9.760000 
55 Sun Nov 16 17:32:20 2025
!HSI 10.625000 -1.812500 4.687500 -0.018889 -0.020000 -0.018889 -0.410000 -0.820000 9.390000 -5.500000 -13.687500 -13.875000 -0.090000 -0.010000 -0.370000 -0.310000 -0.810000 9.760000 
56 Sun Nov 16 17:32:20 2025
!HSI 11.000000 -1.750000 5.625000 -0.066667 0.024444 -0.027778 -0.420000 -0.900000 9.610000 -4.875000 -12.562500 -14.750000 -0.110000 0.070000 -0.130000 -0.310000 -0.970000 9.750000 
57 Sun Nov 16 17:32:21 2025
!HSI 11.250000 -2.312500 5.750000 0.060000 0.026667 0.003333 -0.470000 -1.000000 9.520000 -4.062500 -12.187500 -13.500000 -0.070000 -0.020000 -0.220000 -0.400000 -0.970000 9.740000 
58 Sun Nov 16 17:32:21 2025
!HSI 11.062500 -2.125000 4.812500 0.004444 -0.043333 0.007778 -0.410000 -0.760000 9.310000 -4.500000 -14.000000 -13.000000 -0.040000 0.060000 -0.450000 -0.370000 -0.820000 9.760000 
59 Sun Nov 16 17:32:21 2025
!HSI 11.125000 -1.937500 5.562500 -0.063333 0.032222 -0.020000 -0.400000 -0.940000 9.590000 -4.750000 -13.000000 -15.000000 -0.070000 0.000000 -0.160000 -0.330000 -0.950000 9.750000 
60 Sun Nov 16 17:32:22 2025
!HSI 11.125000 -2.375000 6.125000 -0.008889 -0.001111 0.017778 -0.520000 -1.050000 9.660000 -3.687500 -13.000000 -14.500000 -0.110000 0.000000 -0.070000 -0.410000 -1.050000 9.740000 
61 Sun Nov 16 17:32:22 2025
!HSI 10.750000 -2.062500 5.812500 0.025556 -0.014444 0.017778 -0.430000 -0.920000 9.360000 -4.750000 -13.250000 -14.500000 -0.070000 0.070000 -0.380000 -0.350000 -1.000000 9.740000 
62 Sun Nov 16 17:32:22 2025
!HSI 10.750000 -2.375000 5.812500 -0.010000 0.037778 0.005556 -0.410000 -0.870000 9.450000 -5.250000 -12.187500 -13.687500 0.000000 0.120000 -0.290000 -0.410000 -0.990000 9.740000 
63 Sun Nov 16 17:32:22 2025
!HSI 10.625000 -2.562500 5.375000 0.055556 -0.024444 0.018889 -0.470000 -0.940000 -318.040000 -4.062500 -13.250000 -15.000000 -0.030000 -0.010000 -0.100000 -0.440000 -0.920000 9.750000 
64 Sun Nov 16 17:32:23 2025
!HSI 10.062500 -1.750000 4.687500 0.010000 -0.066667 0.038889 -0.390000 -0.790000 9.480000 -4.875000 -12.500000 -13.687500 -0.090000 0.020000 -0.280000 -0.300000 -0.810000 9.760000 
65 Sun Nov 16 17:32:23 2025
!HSI 9.562500 -1.437500 4.875000 -0.015556 0.054444 0.018889 -0.320000 -0.760000 9.470000 -5.562500 -13.687500 -15.062500 -0.070000 0.070000 -0.290000 -0.250000 -0.830000 9.760000 
66 Sun Nov 16 17:32:23 2025
!HSI 9.375000 -2.687500 5.187500 -0.011111 0.024444 0.030000 -0.470000 -0.890000 9.440000 -4.000000 -13.062500 -15.062500 0.000000 0.010000 -0.270000 -0.470000 -0.890000 9.750000 
67 Sun Nov 16 17:32:24 2025
!HSI 8.562500 -2.187500 5.125000 0.015556 -0.054444 0.053333 -0.410000 -0.800000 9.580000 -4.375000 -12.562500 -14.375000 -0.030000 0.060000 -0.170000 -0.360000 -0.870000 9.760000 
68 Sun Nov 16 17:32:24 2025
!HSI 7.875000 -2.187500 5.000000 -0.003333 0.040000 0.022222 -0.370000 -0.840000 9.510000 -6.250000 -12.687500 -14.375000 0.000000 0.000000 -0.240000 -0.380000 -0.850000 9.760000 
69 Sun Nov 16 17:32:24 2025
!HSI 7.562500 -2.750000 5.062500 -0.007778 0.010000 0.024444 -0.480000 -0.830000 9.520000 -4.875000 -12.187500 -15.687500 0.000000 0.020000 -0.230000 -0.470000 -0.860000 9.750000 
70 Sun Nov 16 17:32:25 2025
!HSI 7.062500 -3.062500 5.000000 -0.002222 0.038889 0.046667 -0.480000 -0.880000 9.510000 -4.187500 -12.500000 -14.562500 0.050000 -0.010000 -0.230000 -0.530000 -0.860000 9.750000 
71 Sun Nov 16 17:32:25 2025
!HSI 6.187500 -3.000000 5.000000 0.002222 -0.066667 0.053333 -0.510000 -0.800000 9.430000 -4.562500 -12.062500 -14.562500 0.000000 0.040000 -0.320000 -0.510000 -0.850000 9.750000 
72 Sun Nov 16 17:32:25 2025
!HSI 5.687500 -2.937500 5.312500 -0.044444 0.092222 0.008889 -0.370000 -1.000000 9.490000 -4.750000 -12.562500 -14.687500 0.140000 -0.040000 -0.300000 -0.510000 -0.910000 9.750000 
73 Sun Nov 16 17:32:26 2025
!HSI 5.562500 -3.812500 5.687500 0.011111 -0.086667 0.038889 -0.650000 -1.050000 9.480000 -4.875000 -11.250000 -16.062500 0.000000 -0.080000 -0.250000 -0.640000 -0.970000 9.730000 
74 Sun Nov 16 17:32:26 2025
!HSI 4.500000 -2.750000 5.562500 -0.027778 0.037778 0.055556 -0.400000 -0.900000 9.490000 -5.250000 -11.062500 -15.750000 0.060000 0.050000 -0.250000 -0.470000 -0.950000 9.740000 
75 Sun Nov 16 17:32:26 2025
!HSI 4.312500 -3.937500 6.000000 0.015556 0.023333 -0.012222 -0.520000 -0.980000 9.510000 -4.500000 -11.062500 -15.750000 0.150000 0.040000 -0.210000 -0.670000 -1.020000 9.720000 
76 Sun Nov 16 17:32:26 2025
!HSI 4.125000 -2.875000 4.812500 0.105556 -0.110000 0.044444 -0.540000 -0.890000 9.650000 -4.562500 -12.375000 -16.187500 -0.010000 -0.060000 -0.090000 -0.480000 -0.810000 9.760000 
77 Sun Nov 16 17:32:27 2025
!HSI 3.187500 -2.312500 3.812500 0.012222 0.026667 0.054444 -0.210000 -0.710000 9.420000 -5.375000 -12.562500 -15.187500 0.180000 -0.060000 -0.340000 -0.400000 -0.650000 9.770000 
78 Sun Nov 16 17:32:27 2025
!HSI 2.875000 -2.062500 4.250000 -0.042222 -0.057778 -0.005556 -0.360000 -0.670000 9.330000 -5.250000 -11.375000 -17.375000 -0.010000 0.050000 -0.430000 -0.350000 -0.720000 9.770000 
79 Sun Nov 16 17:32:27 2025
!HSI 2.562500 -2.000000 4.937500 -0.032222 0.075556 0.045556 -0.290000 -0.860000 9.680000 -5.750000 -11.687500 -16.687500 0.050000 -0.010000 -0.070000 -0.350000 -0.850000 9.760000 
80 Sun Nov 16 17:32:28 2025
!HSI 1.687500 -2.500000 4.875000 0.033333 -0.054444 0.032222 -0.240000 -0.800000 9.510000 -5.875000 -11.250000 -17.250000 0.170000 0.020000 -0.240000 -0.420000 -0.830000 9.760000 
81 Sun Nov 16 17:32:28 2025
!HSI 1.562500 -1.937500 4.500000 -0.005556 0.038889 -0.011111 -0.350000 -0.750000 9.450000 -5.875000 -12.000000 -16.750000 0.000000 0.000000 -0.280000 -0.340000 -0.770000 9.760000 
82 Sun Nov 16 17:32:28 2025
!HSI 1.312500 -2.937500 4.625000 0.015556 0.026667 0.057778 -0.450000 -0.880000 9.480000 -5.000000 -12.000000 -16.062500 0.050000 -0.080000 -0.270000 -0.510000 -0.790000 9.760000 
83 Sun Nov 16 17:32:29 2025
!HSI 0.250000 -3.187500 4.375000 0.000000 0.038889 0.060000 -0.400000 -0.760000 9.490000 -5.062500 -11.875000 -17.750000 0.150000 0.000000 -0.270000 -0.550000 -0.750000 9.760000 
84 Sun Nov 16 17:32:29 2025
!HSI 359.875000 -4.062500 4.875000 -0.041111 0.028889 -0.013333 -0.600000 -0.760000 9.560000 -4.687500 -12.187500 -18.750000 0.090000 0.060000 -0.180000 -0.690000 -0.830000 9.740000 
85 Sun Nov 16 17:32:29 2025
!HSI 359.875000 -3.812500 5.125000 0.006667 -0.023333 0.040000 -0.700000 -0.830000 9.460000 -5.000000 -11.062500 -18.000000 -0.050000 0.030000 -0.270000 -0.650000 -0.870000 9.740000 
86 Sun Nov 16 17:32:30 2025
!HSI 358.750000 -4.125000 4.875000 0.018889 0.023333 0.063333 -0.480000 -0.820000 9.440000 -4.562500 -10.750000 -17.187500 0.220000 0.010000 -0.300000 -0.710000 -0.830000 9.740000 
87 Sun Nov 16 17:32:30 2025
!HSI 358.125000 -3.437500 4.750000 -0.044444 -0.058889 0.010000 -0.500000 -0.870000 9.470000 -6.000000 -11.375000 -18.000000 0.080000 -0.050000 -0.270000 -0.580000 -0.820000 9.750000 
88 Sun Nov 16 17:32:30 2025
!HSI 357.812500 -3.250000 6.000000 -0.065556 0.035556 0.056667 -0.490000 -0.900000 9.680000 -5.875000 -10.875000 -19.187500 0.070000 0.120000 -0.080000 -0.560000 -1.030000 9.730000 
89 Sun Nov 16 17:32:32 2025
!HSI 354.687500 -3.062500 4.937500 -0.053333 -0.055556 0.022222 -0.430000 -0.870000 9.600000 -5.500000 -9.875000 -19.250000 0.090000 -0.010000 -0.150000 -0.520000 -0.850000 9.750000 
90 Sun Nov 16 17:32:35 2025
!HSI 347.812500 -3.437500 5.500000 -0.006667 -0.022222 0.045556 -0.400000 -0.990000 9.470000 -7.375000 -6.875000 -19.875000 0.180000 -0.050000 -0.270000 -0.590000 -0.930000 9.740000 
