AVOE LOG FILE: Sun Nov 16 17:31:42 2025
1 Sun Nov 16 17:31:44 2025
!HSI 354.312500 -0.437500 4.625000 -0.080000 0.022222 -0.001111 0.020000 -0.720000 9.510000 -4.562500 -13.750000 -7.375000 0.090000 0.060000 -0.220000 -0.080000 -0.800000 9.770000 
2 Sun Nov 16 17:31:44 2025
!HSI 354.375000 -0.625000 5.125000 0.007778 0.037778 0.002222 -0.150000 -0.860000 9.730000 -5.187500 -13.000000 -9.687500 -0.030000 0.010000 -0.020000 -0.110000 -0.880000 9.760000 
3 Sun Nov 16 17:31:45 2025
!HSI 354.125000 -1.875000 4.687500 0.046667 0.090000 0.034444 -0.300000 -0.940000 9.450000 -4.875000 -13.500000 -7.750000 0.030000 -0.130000 -0.310000 -0.340000 -0.800000 9.760000 
4 Sun Nov 16 17:31:45 2025
!HSI 353.937500 -2.937500 4.375000 -0.024444 0.038889 -0.026667 -0.390000 -0.820000 9.280000 -4.687500 -13.187500 -9.500000 0.090000 -0.080000 -0.450000 -0.510000 -0.750000 9.760000 
5 Sun Nov 16 17:31:45 2025
!HSI 354.625000 -3.062500 5.437500 -0.076667 -0.036667 -0.013333 -0.540000 -1.010000 9.540000 -4.187500 -12.375000 -10.500000 -0.010000 -0.070000 -0.200000 -0.520000 -0.930000 9.740000 
6 Sun Nov 16 17:31:46 2025
!HSI 354.125000 -2.187500 6.562500 -0.030000 -0.052222 0.050000 -0.360000 -1.050000 9.680000 -4.062500 -11.562500 -10.375000 0.010000 0.060000 -0.050000 -0.380000 -1.120000 9.730000 
7 Sun Nov 16 17:31:46 2025
!HSI 353.000000 -1.937500 -2041.625000 0.051111 0.006667 0.070000 -0.240000 -1.040000 9.490000 -6.062500 -11.687500 -10.375000 0.090000 0.030000 -0.240000 -0.330000 -1.080000 9.740000 
8 Sun Nov 16 17:31:46 2025
!HSI 352.187500 -2.187500 5.000000 0.075556 0.010000 0.037778 -0.220000 -0.990000 9.310000 -5.375000 -11.750000 -11.250000 0.150000 -0.130000 -0.440000 -0.370000 -0.850000 9.760000 
9 Sun Nov 16 17:31:47 2025
!HSI 351.625000 -2.500000 4.875000 -0.053333 0.011111 0.042222 -0.340000 -0.930000 4.460000 -5.687500 -12.875000 -10.250000 0.080000 -1.380000 -0.170000 -0.430000 -0.830000 9.760000 
10 Sun Nov 16 17:31:47 2025
!HSI 350.625000 -2.250000 5.625000 -0.022222 -0.038889 0.071111 -0.360000 -0.980000 9.680000 -5.250000 -11.375000 -8.750000 0.020000 -0.010000 -0.060000 -0.390000 -0.960000 9.750000 
11 Sun Nov 16 17:31:47 2025
!HSI 349.562500 -2.187500 5.312500 0.051111 0.018889 0.056667 -0.260000 -0.950000 9.510000 -6.375000 -10.875000 -9.687500 0.110000 -0.040000 -0.230000 -0.370000 -0.900000 9.750000 
12 Sun Nov 16 17:31:47 2025
!HSI 348.875000 -3.000000 4.875000 -0.032222 0.068889 0.017778 -0.290000 -0.880000 9.300000 -5.687500 -10.000000 -11.250000 0.220000 -0.030000 -0.440000 -0.520000 -0.840000 9.750000 
13 Sun Nov 16 17:31:48 2025
!HSI 348.562500 -3.375000 6.125000 -0.042222 -0.023333 0.042222 -0.480000 -0.990000 9.670000 -4.875000 -9.687500 -11.062500 0.100000 0.050000 -0.050000 -0.580000 -1.040000 9.730000 
14 Sun Nov 16 17:31:48 2025
!HSI 347.312500 -2.500000 5.500000 0.096667 -0.052222 0.076667 -0.350000 -1.070000 9.610000 -6.250000 -9.375000 -10.875000 0.070000 -0.140000 -0.130000 -0.430000 -0.930000 9.750000 
15 Sun Nov 16 17:31:48 2025
!HSI 346.500000 -2.312500 4.562500 -0.008889 0.042222 0.016667 -0.280000 -0.910000 9.310000 -7.062500 -10.687500 -10.875000 0.110000 -0.120000 -0.440000 -0.400000 -0.780000 9.760000 
16 Sun Nov 16 17:31:49 2025
!HSI 346.500000 -3.062500 6.000000 -0.097778 0.025556 0.006667 -0.390000 -0.870000 9.490000 -6.562500 -9.500000 -11.062500 0.130000 0.150000 -0.240000 -0.530000 -1.020000 9.730000 
17 Sun Nov 16 17:31:49 2025
!HSI 346.250000 -2.562500 6.312500 0.052222 -0.051111 0.023333 -0.400000 -1.030000 9.780000 -6.375000 -9.500000 -11.875000 0.040000 0.040000 0.040000 -0.430000 -1.070000 9.730000 
18 Sun Nov 16 17:31:49 2025
!HSI 345.750000 -2.312500 4.875000 0.094444 0.001111 0.022222 -0.290000 -0.970000 9.510000 -6.687500 -10.000000 -11.500000 0.100000 -0.140000 -0.240000 -0.390000 -0.820000 9.760000 
19 Sun Nov 16 17:31:50 2025
!HSI 345.812500 -2.375000 4.375000 -0.055556 0.016667 -0.017778 -0.340000 -0.790000 9.300000 -7.187500 -11.187500 -13.000000 0.050000 -0.030000 -0.460000 -0.400000 -0.750000 9.760000 
20 Sun Nov 16 17:31:50 2025
!HSI 345.812500 -3.687500 5.937500 -0.085556 0.105556 0.033333 -0.590000 -0.960000 9.490000 -6.500000 -9.250000 -12.000000 0.040000 0.050000 -0.120000 -0.640000 -1.020000 9.730000 
21 Sun Nov 16 17:31:50 2025
!HSI 344.937500 -4.812500 6.687500 -0.025556 0.072222 0.067778 -0.740000 -1.060000 9.680000 -5.250000 -8.687500 -14.187500 0.090000 0.060000 -0.030000 -0.830000 -1.140000 9.700000 
22 Sun Nov 16 17:31:51 2025
!HSI 344.000000 -6.250000 6.500000 0.066667 0.022222 0.050000 -0.900000 -1.130000 9.500000 -4.750000 -8.187500 -14.000000 0.160000 -0.020000 -0.180000 -1.070000 -1.110000 9.680000 
23 Sun Nov 16 17:31:51 2025
!HSI 343.250000 -5.562500 5.062500 0.048889 -0.022222 0.042222 -0.880000 -0.940000 9.300000 -4.875000 -8.687500 -14.187500 0.070000 -0.080000 -0.410000 -0.950000 -0.860000 9.720000 
24 Sun Nov 16 17:31:51 2025
!HSI 342.750000 -5.687500 5.437500 -0.050000 -0.002222 0.023333 -0.800000 -0.850000 9.600000 -5.500000 -7.562500 -15.062500 0.170000 0.070000 -0.110000 -0.970000 -0.920000 9.710000 
25 Sun Nov 16 17:31:52 2025
!HSI 342.187500 -4.375000 4.937500 0.090000 -0.096667 0.030000 -0.620000 -0.830000 9.740000 -6.250000 -8.687500 -14.187500 0.120000 0.010000 0.000000 -0.750000 -0.840000 9.740000 
26 Sun Nov 16 17:31:52 2025
!HSI 342.062500 -3.812500 3.312500 0.045556 0.037778 -0.006667 -0.620000 -0.720000 9.310000 -7.062500 -9.562500 -14.875000 0.030000 -0.160000 -0.450000 -0.650000 -0.560000 9.760000 
27 Sun Nov 16 17:31:52 2025
!HSI 342.312500 -4.875000 4.187500 -0.125556 0.047778 -0.026667 -0.670000 -0.600000 9.280000 -6.000000 -10.062500 -14.500000 0.170000 0.130000 -0.470000 -0.840000 -0.730000 9.740000 
28 Sun Nov 16 17:31:52 2025
!HSI 342.562500 -4.062500 5.500000 -0.007778 -0.107778 -0.007778 -0.660000 -1.010000 9.740000 -6.000000 -8.187500 -15.000000 0.010000 -0.070000 0.000000 -0.680000 -0.940000 9.730000 
29 Sun Nov 16 17:31:53 2025
!HSI 342.437500 -3.125000 5.187500 0.021111 0.014444 0.017778 -0.550000 -0.970000 9.560000 -7.250000 -8.687500 -15.375000 0.000000 -0.080000 -0.180000 -0.540000 -0.880000 9.750000 
30 Sun Nov 16 17:31:53 2025
!HSI 342.125000 -3.687500 5.125000 -0.010000 0.025556 0.016667 -0.520000 -0.940000 9.360000 -6.687500 -7.875000 -14.562500 0.120000 -0.040000 -0.360000 -0.630000 -0.880000 9.740000 
31 Sun Nov 16 17:31:53 2025
!HSI 342.000000 -3.250000 5.187500 -0.006667 -0.060000 0.012222 -0.550000 -0.980000 9.480000 -7.250000 -7.500000 -14.562500 0.000000 -0.080000 -0.260000 -0.550000 -0.890000 9.740000 
32 Sun Nov 16 17:31:54 2025
!HSI 341.437500 -3.000000 5.625000 -0.036667 0.050000 0.035556 -0.400000 -0.990000 9.630000 -8.000000 -7.875000 -14.562500 0.110000 -0.020000 -0.100000 -0.520000 -0.960000 9.740000 
33 Sun Nov 16 17:31:55 2025
!HSI 340.875000 -4.437500 5.937500 -0.041111 -0.022222 -0.011111 -0.570000 -1.010000 9.580000 -6.875000 -6.875000 -16.187500 0.190000 0.000000 -0.130000 -0.760000 -1.010000 9.720000 
34 Sun Nov 16 17:31:57 2025
!HSI 342.750000 -3.000000 5.000000 0.060000 -0.057778 0.016667 -0.560000 -1.010000 9.470000 -7.500000 -7.750000 -16.375000 -0.040000 -0.160000 -0.270000 -0.510000 -0.850000 9.750000 
35 Sun Nov 16 17:31:59 2025
!HSI 342.437500 -3.500000 4.750000 -0.080000 -0.027778 0.044444 -0.570000 -0.780000 9.430000 -7.562500 -8.187500 -17.750000 0.010000 0.040000 -0.290000 -0.590000 -0.810000 9.750000 
