AVOE LOG FILE: Sun Nov 16 17:44:31 2025
1 Sun Nov 16 17:44:33 2025
!HSI 2.125000 -2.562500 4.750000 -0.005556 0.003333 -0.038889 -0.370000 -0.790000 9.490000 2.500000 -17.250000 -5.687500 0.030000 0.020000 -0.140000 -0.440000 -0.810000 9.760000 
2 Sun Nov 16 17:44:34 2025
!HSI 2.812500 -2.000000 4.625000 -0.005556 -0.017778 -0.036667 -0.460000 -0.800000 9.500000 2.000000 -17.375000 -5.375000 -0.110000 0.000000 -0.250000 -0.350000 -0.790000 -317.920000 
3 Sun Nov 16 17:44:34 2025
!HSI 3.375000 -2.625000 4.937500 -0.012222 0.061111 -0.026667 -0.420000 -0.800000 9.430000 3.500000 -18.187500 -6.062500 0.030000 0.040000 -0.320000 -0.460000 -0.840000 9.750000 
4 Sun Nov 16 17:44:34 2025
!HSI 3.812500 -2.750000 4.875000 0.012222 -0.053333 -0.030000 -0.520000 -0.850000 9.420000 3.000000 -17.500000 -7.000000 -0.040000 -0.010000 -0.330000 -0.470000 -0.840000 9.750000 
5 Sun Nov 16 17:44:35 2025
!HSI 4.125000 -1.875000 4.875000 -0.015556 -0.001111 -0.011111 -0.450000 -0.780000 9.590000 2.687500 -17.875000 -5.875000 -0.120000 0.060000 -0.170000 -0.320000 -0.840000 9.760000 
6 Sun Nov 16 17:44:35 2025
!HSI 4.500000 -2.625000 4.875000 0.028889 0.043333 -0.030000 -0.400000 -0.880000 9.600000 2.687500 -18.250000 -6.750000 0.050000 -0.040000 -0.150000 -0.460000 -0.840000 9.750000 
7 Sun Nov 16 17:44:35 2025
!HSI 4.937500 -2.437500 4.375000 0.021111 -0.046667 -0.022222 -0.430000 -0.800000 9.430000 3.687500 -18.000000 -6.062500 0.000000 -0.040000 -0.330000 -0.420000 -0.750000 9.760000 
8 Sun Nov 16 17:44:36 2025
!HSI 5.312500 -1.812500 4.687500 -0.034444 -0.021111 -0.018889 -0.380000 -0.740000 9.500000 3.687500 -18.062500 -7.187500 -0.060000 0.060000 -0.260000 -0.310000 -0.800000 9.760000 
9 Sun Nov 16 17:44:36 2025
!HSI 5.500000 -1.562500 5.000000 -0.008889 -0.002222 -0.014444 -0.390000 -0.820000 9.510000 3.250000 -18.375000 -5.750000 -0.120000 0.030000 -0.250000 -0.270000 -0.860000 9.760000 
10 Sun Nov 16 17:44:36 2025
!HSI 5.812500 -1.625000 5.062500 -0.001111 0.004444 -0.021111 -0.350000 -0.790000 9.520000 2.562500 -18.000000 -7.000000 -0.080000 0.070000 -0.230000 -0.270000 -0.870000 9.760000 
11 Sun Nov 16 17:44:36 2025
!HSI 5.937500 -1.562500 4.625000 0.057778 0.006667 -0.004444 -0.350000 -0.810000 9.570000 3.375000 -18.750000 -7.250000 -0.080000 -0.020000 -0.190000 -0.270000 -0.780000 9.770000 
12 Sun Nov 16 17:44:37 2025
!HSI 6.000000 -2.187500 4.062500 -0.017778 0.033333 -0.001111 -0.380000 -0.740000 9.410000 3.562500 -19.500000 -6.375000 0.010000 -0.050000 -0.360000 -0.380000 -0.700000 9.770000 
13 Sun Nov 16 17:44:37 2025
!HSI 5.937500 -2.000000 4.750000 -0.028889 -0.058889 -0.002222 -0.430000 -0.750000 9.540000 3.187500 -18.750000 -8.000000 -0.090000 0.050000 -0.210000 -0.340000 -0.810000 9.760000 
14 Sun Nov 16 17:44:37 2025
!HSI 5.937500 -1.437500 4.875000 0.000000 0.023333 -0.006667 -0.370000 -0.820000 9.620000 2.062500 -18.750000 -7.250000 -0.120000 0.000000 -0.130000 -0.250000 -0.830000 9.760000 
15 Sun Nov 16 17:44:38 2025
!HSI 6.125000 -2.250000 4.875000 0.005556 0.044444 -0.016667 -0.440000 -0.820000 9.450000 3.562500 -19.062500 -7.687500 -0.060000 0.030000 -0.290000 -0.390000 -0.830000 9.760000 
16 Sun Nov 16 17:44:38 2025
!HSI 6.187500 -1.937500 4.750000 0.012222 -0.046667 0.001111 -0.430000 -0.790000 9.470000 3.500000 -18.375000 -7.062500 -0.100000 0.010000 -0.290000 -0.320000 -0.810000 9.760000 
17 Sun Nov 16 17:44:38 2025
!HSI 6.250000 -2.375000 4.875000 -0.022222 0.083333 -0.018889 -0.350000 -0.830000 9.470000 3.062500 -18.750000 -7.000000 0.060000 0.000000 -0.280000 -0.420000 -0.840000 9.760000 
18 Sun Nov 16 17:44:39 2025
!HSI 6.687500 -2.250000 4.625000 0.050000 -0.107778 -0.021111 -0.530000 -0.810000 9.500000 4.562500 -18.750000 -7.562500 -0.150000 -0.020000 -0.260000 -0.370000 -0.790000 9.760000 
19 Sun Nov 16 17:44:39 2025
!HSI 7.062500 -1.375000 4.562500 -0.057778 0.047778 -0.026667 -0.410000 -0.740000 9.390000 3.500000 -18.375000 -7.687500 -0.160000 0.040000 -0.370000 -0.250000 -0.780000 9.770000 
20 Sun Nov 16 17:44:39 2025
!HSI 7.812500 -2.812500 5.625000 -0.017778 0.063333 -0.054444 -0.550000 -0.800000 9.620000 4.250000 -18.750000 -8.187500 -0.060000 0.150000 -0.120000 -0.480000 -0.960000 9.740000 
21 Sun Nov 16 17:44:40 2025
!HSI 8.750000 -2.875000 4.687500 0.098889 -0.025556 -0.043333 -0.500000 -0.890000 9.530000 4.062500 -19.062500 -8.750000 0.000000 -0.090000 -0.220000 -0.500000 -0.800000 9.760000 
22 Sun Nov 16 17:44:40 2025
!HSI 9.375000 -2.625000 3.937500 -0.002222 0.001111 -0.034444 -0.440000 -0.700000 9.450000 5.062500 -20.375000 -7.750000 0.000000 -0.030000 -0.310000 -0.450000 -0.670000 9.770000 
23 Sun Nov 16 17:44:40 2025
!HSI 9.687500 -1.750000 4.250000 -0.032222 -0.100000 -0.013333 -0.450000 -0.710000 9.430000 3.750000 -19.875000 -7.750000 -0.150000 0.020000 -0.340000 -0.290000 -0.740000 9.770000 
24 Sun Nov 16 17:44:40 2025
!HSI 9.937500 -1.062500 5.187500 -0.072222 0.032222 -0.026667 -0.350000 -0.740000 9.650000 3.375000 -19.375000 -8.562500 -0.160000 0.150000 -0.100000 -0.190000 -0.890000 9.760000 
25 Sun Nov 16 17:44:41 2025
!HSI 10.625000 -2.437500 5.250000 0.070000 0.058889 -0.027778 -0.450000 -0.910000 9.570000 4.687500 -19.375000 -8.562500 -0.040000 -0.020000 -0.180000 -0.410000 -0.890000 9.750000 
26 Sun Nov 16 17:44:41 2025
!HSI 10.500000 -2.187500 4.000000 0.028889 -0.065556 0.044444 -0.420000 -0.770000 9.260000 4.375000 -19.750000 -8.000000 -0.040000 -0.080000 -0.510000 -0.370000 -0.680000 9.770000 
27 Sun Nov 16 17:44:41 2025
!HSI 9.500000 -1.937500 4.937500 -0.110000 0.053333 0.048889 -0.360000 -0.780000 9.600000 4.000000 -18.875000 -8.687500 -0.030000 0.070000 -0.150000 -0.330000 -0.850000 9.760000 
28 Sun Nov 16 17:44:42 2025
!HSI 8.937500 -3.562500 6.062500 0.026667 0.067778 0.025556 -0.510000 -1.020000 9.760000 4.375000 -18.250000 -9.187500 0.090000 0.000000 0.030000 -0.610000 -1.030000 9.730000 
29 Sun Nov 16 17:44:42 2025
!HSI 8.437500 -3.187500 4.750000 0.063333 -0.102222 0.044444 -0.600000 -0.900000 9.210000 3.250000 -18.750000 -9.687500 -0.050000 -0.080000 -0.540000 -0.540000 -0.810000 9.750000 
30 Sun Nov 16 17:44:42 2025
!HSI 7.312500 -2.250000 4.937500 -0.072222 0.011111 0.075556 -0.410000 -0.820000 9.450000 2.562500 -19.375000 -8.875000 -0.020000 0.030000 -0.300000 -0.390000 -0.860000 9.760000 
31 Sun Nov 16 17:44:43 2025
!HSI 6.187500 -3.500000 6.000000 -0.021111 0.055556 0.038889 -0.380000 -0.930000 9.640000 2.187500 -17.750000 -10.375000 0.220000 0.090000 -0.080000 -0.600000 -1.030000 9.730000 
32 Sun Nov 16 17:44:43 2025
!HSI 5.687500 -2.812500 5.250000 0.094444 -0.093333 0.031111 -0.500000 -0.860000 9.570000 1.062500 -17.187500 -10.687500 -0.010000 0.030000 -0.170000 -0.490000 -0.900000 9.750000 
33 Sun Nov 16 17:44:43 2025
!HSI 5.062500 -2.125000 3.562500 0.063333 0.033333 0.037778 -0.330000 -0.780000 9.490000 0.500000 -18.250000 -10.187500 0.040000 -0.160000 -0.280000 -0.370000 -0.610000 9.780000 
34 Sun Nov 16 17:44:44 2025
!HSI 4.562500 -3.250000 4.250000 -0.113333 0.061111 0.017778 -0.360000 -0.700000 9.450000 1.375000 -18.687500 -10.000000 0.190000 0.020000 -0.310000 -0.560000 -0.730000 9.760000 
35 Sun Nov 16 17:44:44 2025
!HSI 4.187500 -2.750000 5.375000 0.018889 -0.121111 0.023333 -0.510000 -0.690000 9.610000 0.562500 -17.250000 -12.187500 -0.040000 0.220000 -0.130000 -0.470000 -0.920000 9.750000 
36 Sun Nov 16 17:44:44 2025
!HSI 3.500000 -0.875000 3.187500 0.147778 -0.016667 0.045556 -0.170000 -0.730000 9.430000 0.000000 -18.375000 -11.250000 -0.010000 -0.190000 -0.350000 -0.150000 -0.540000 9.790000 
37 Sun Nov 16 17:44:44 2025
!HSI 3.250000 -2.437500 2.750000 -0.067778 0.170000 -0.001111 -0.170000 -0.510000 9.180000 -1.562500 -19.250000 -13.062500 0.250000 -0.030000 -0.600000 -0.420000 -0.470000 9.780000 
38 Sun Nov 16 17:44:45 2025
!HSI 3.000000 -2.687500 4.875000 -0.091111 -0.145556 0.033333 -0.330000 -0.700000 9.390000 4.562500 -18.187500 -13.875000 0.110000 0.140000 -0.350000 -0.440000 -0.840000 9.750000 
39 Sun Nov 16 17:44:45 2025
!HSI 2.437500 0.125000 5.375000 0.031111 -0.166667 0.005556 0.080000 -0.930000 9.610000 -4.000000 -15.875000 -16.750000 0.050000 0.000000 -0.150000 0.030000 -0.920000 9.760000 
40 Sun Nov 16 17:44:45 2025
!HSI 2.625000 2.250000 5.500000 -0.068889 -0.094444 -0.040000 0.590000 -0.950000 9.360000 -6.375000 -18.375000 -18.000000 0.180000 0.000000 -0.390000 0.400000 -0.950000 9.750000 
41 Sun Nov 16 17:44:46 2025
!HSI 3.312500 5.000000 6.187500 0.054444 -0.201111 -0.050000 1.000000 -1.040000 9.530000 -5.875000 -18.062500 -19.000000 0.130000 0.010000 -0.170000 0.860000 -1.060000 9.710000 
42 Sun Nov 16 17:44:46 2025
!HSI 4.500000 8.375000 4.250000 0.101111 -0.128889 -0.124444 1.320000 -0.810000 9.400000 -9.500000 -18.187500 -17.875000 -0.100000 -0.090000 -0.260000 1.430000 -0.710000 9.670000 
43 Sun Nov 16 17:44:46 2025
!HSI 6.875000 9.125000 3.500000 -0.014444 0.010000 -0.161111 1.450000 -0.580000 9.420000 -10.187500 -18.000000 -17.187500 -0.100000 0.000000 -0.240000 1.560000 -0.590000 9.660000 
44 Sun Nov 16 17:44:47 2025
!HSI 9.125000 9.562500 2.250000 0.137778 -0.045556 -0.131111 1.460000 -0.350000 9.330000 -9.187500 -18.750000 -17.687500 -0.180000 0.010000 -0.320000 1.640000 -0.370000 9.660000 
45 Sun Nov 16 17:44:47 2025
!HSI 11.000000 9.437500 -0.125000 0.098889 0.086667 -0.136667 1.380000 0.040000 9.570000 -9.875000 -21.250000 -16.875000 -0.220000 0.010000 -0.070000 1.600000 0.040000 9.670000 
46 Sun Nov 16 17:44:47 2025
!HSI 13.250000 7.687500 -1.562500 0.050000 0.070000 -0.144444 1.170000 0.270000 9.600000 -8.000000 -22.687500 -17.750000 -0.130000 0.010000 -0.100000 1.310000 0.260000 9.710000 
47 Sun Nov 16 17:44:48 2025
!HSI 15.500000 6.562500 -2.500000 0.015556 0.106667 -0.110000 0.880000 0.340000 9.410000 -7.500000 -24.875000 -18.687500 -0.240000 -0.070000 -0.310000 1.120000 0.420000 9.730000 
48 Sun Nov 16 17:44:48 2025
!HSI 17.000000 2.625000 -2.375000 -0.043333 0.276667 -0.081111 0.250000 0.320000 9.660000 -4.562500 -25.875000 -20.250000 -0.190000 -0.080000 -0.120000 0.450000 0.410000 9.780000 
49 Sun Nov 16 17:44:48 2025
!HSI 18.500000 -1.875000 -0.687500 -0.154444 0.248889 -0.096667 -0.480000 0.110000 9.900000 -1.000000 -25.750000 -22.250000 -0.150000 0.000000 0.100000 -0.340000 0.100000 9.790000 
50 Sun Nov 16 17:44:48 2025
!HSI 19.750000 -1.125000 -0.437500 0.018889 -0.141111 -0.057778 -0.460000 0.020000 9.630000 0.500000 -25.687500 -24.562500 -0.260000 -0.050000 -0.160000 -0.200000 0.080000 9.800000 
51 Sun Nov 16 17:44:49 2025
!HSI 20.562500 -1.750000 0.562500 -0.113333 0.100000 -0.041111 -0.410000 -0.100000 9.790000 -0.875000 -24.250000 -25.500000 -0.110000 0.000000 0.000000 -0.310000 -0.110000 9.800000 
52 Sun Nov 16 17:44:49 2025
!HSI 20.875000 -1.812500 1.812500 -0.024444 -0.110000 -0.014444 -0.380000 -0.180000 9.800000 0.562500 -23.062500 -23.687500 -0.070000 0.130000 0.000000 -0.310000 -0.310000 9.790000 
53 Sun Nov 16 17:44:49 2025
!HSI 20.937500 0.000000 1.437500 0.026667 -0.065556 -0.003333 -0.130000 -0.200000 9.830000 -0.250000 -22.562500 -25.062500 -0.140000 0.040000 0.020000 0.000000 -0.250000 9.800000 
54 Sun Nov 16 17:44:50 2025
!HSI 21.375000 0.500000 0.562500 0.075556 -0.042222 -0.054444 -0.020000 -0.260000 9.580000 -1.500000 -23.687500 -24.250000 -0.110000 -0.160000 -0.210000 0.090000 -0.090000 9.800000 
55 Sun Nov 16 17:44:50 2025
!HSI 22.250000 0.000000 1.312500 -0.144444 0.072222 -0.032222 -0.110000 -0.210000 9.780000 -0.750000 -24.000000 -24.187500 -0.110000 0.020000 -0.010000 0.000000 -0.240000 9.800000 
56 Sun Nov 16 17:44:50 2025
!HSI 22.312500 -0.062500 2.812500 0.031111 -0.093333 0.021111 -0.020000 -0.320000 9.910000 -1.500000 -22.000000 -24.562500 -0.010000 0.150000 0.110000 -0.010000 -0.480000 9.790000 
57 Sun Nov 16 17:44:51 2025
!HSI 22.062500 0.687500 1.500000 0.042222 0.047778 0.001111 0.010000 -0.270000 9.680000 -1.687500 -23.062500 -25.562500 -0.100000 -0.030000 -0.080000 0.110000 -0.260000 9.800000 
58 Sun Nov 16 17:44:51 2025
!HSI 22.250000 -1.000000 1.937500 -0.028889 0.056667 -0.022222 -0.240000 -0.360000 9.690000 -0.500000 -22.375000 -24.750000 -0.080000 -0.010000 -0.140000 -0.180000 -0.330000 9.790000 
59 Sun Nov 16 17:44:51 2025
!HSI 22.500000 -0.812500 1.812500 -0.004444 -0.001111 -0.015556 -0.290000 -0.370000 9.700000 -0.875000 -23.500000 -24.750000 -0.140000 -0.060000 -0.090000 -0.140000 -0.310000 9.800000 
60 Sun Nov 16 17:44:51 2025
!HSI 23.125000 -2.500000 3.250000 -0.117778 0.122222 -0.044444 -0.340000 -0.410000 9.970000 0.562500 -22.375000 -25.687500 0.090000 0.150000 0.190000 -0.440000 -0.570000 9.770000 
61 Sun Nov 16 17:44:52 2025
!HSI 24.000000 -2.125000 3.312500 0.084444 -0.083333 -0.063333 -0.480000 -0.620000 9.720000 0.500000 -21.500000 -25.875000 -0.120000 -0.050000 -0.050000 -0.350000 -0.560000 9.780000 
62 Sun Nov 16 17:44:52 2025
!HSI 25.062500 -1.812500 3.000000 -0.055556 0.025556 -0.036667 -0.530000 -0.520000 9.590000 0.062500 -22.750000 -24.750000 -0.170000 0.000000 -0.170000 -0.320000 -0.520000 9.780000 
63 Sun Nov 16 17:44:52 2025
!HSI 25.250000 -2.562500 4.375000 -0.046667 0.013333 -0.011111 -0.300000 -0.740000 9.860000 1.500000 -23.000000 -25.062500 0.130000 0.010000 0.090000 -0.440000 -0.750000 9.760000 
64 Sun Nov 16 17:44:53 2025
!HSI 25.875000 -1.562500 4.437500 -0.006667 -0.070000 -0.052222 -0.330000 -0.630000 9.780000 0.375000 -21.687500 -26.062500 -0.070000 0.130000 0.010000 -0.260000 -0.760000 9.770000 
65 Sun Nov 16 17:44:53 2025
!HSI 26.437500 -1.562500 5.375000 -0.033333 0.016667 -0.001111 -0.410000 -0.900000 9.780000 0.250000 -20.750000 -26.562500 -0.130000 0.020000 0.030000 -0.270000 -0.920000 9.750000 
66 Sun Nov 16 17:44:53 2025
!HSI 25.875000 -1.500000 5.187500 0.010000 0.010000 0.027778 -0.290000 -1.000000 9.780000 0.250000 -20.875000 -25.750000 -0.030000 -0.110000 0.020000 -0.260000 -0.890000 9.760000 
67 Sun Nov 16 17:44:54 2025
!HSI 25.812500 -2.125000 5.437500 -0.026667 0.043333 -0.003333 -0.350000 -1.050000 9.830000 0.062500 -20.187500 -25.250000 0.010000 -0.110000 0.070000 -0.370000 -0.930000 9.750000 
68 Sun Nov 16 17:44:54 2025
!HSI 26.062500 -2.375000 5.750000 0.002222 -0.023333 -0.023333 -0.360000 -0.970000 9.830000 1.500000 -19.750000 -25.250000 0.030000 0.010000 0.080000 -0.400000 -0.980000 9.740000 
69 Sun Nov 16 17:44:54 2025
!HSI 25.750000 -0.812500 5.000000 0.084444 -0.116667 0.081111 -0.310000 -0.870000 9.750000 -0.687500 -20.875000 -26.562500 -0.170000 -0.010000 -0.010000 -0.130000 -0.850000 9.760000 
70 Sun Nov 16 17:44:55 2025
!HSI 23.187500 -0.250000 3.937500 -0.002222 0.051111 0.165556 -0.050000 -0.750000 9.740000 -1.062500 -20.500000 -25.062500 0.000000 -0.070000 -0.040000 -0.050000 -0.670000 9.780000 
71 Sun Nov 16 17:44:55 2025
!HSI 20.562500 -1.562500 4.875000 -0.075556 0.030000 0.160000 -0.130000 -0.830000 9.890000 -2.500000 -20.000000 -25.062500 0.130000 0.000000 0.120000 -0.270000 -0.840000 9.760000 
72 Sun Nov 16 17:44:55 2025
!HSI 17.437500 -0.875000 5.062500 0.054444 -0.117778 0.225556 -0.080000 -0.890000 9.820000 -3.500000 -20.062500 -26.562500 0.050000 -0.010000 0.070000 -0.140000 -0.860000 9.760000 
73 Sun Nov 16 17:44:56 2025
!HSI 13.375000 0.000000 3.625000 0.075556 0.025556 0.265556 0.130000 -0.790000 9.660000 -4.687500 -21.000000 -26.250000 0.160000 -0.150000 -0.090000 0.000000 -0.620000 9.780000 
74 Sun Nov 16 17:44:56 2025
!HSI 9.437500 -1.687500 3.812500 -0.051111 0.130000 0.202222 0.000000 -0.600000 9.880000 -6.875000 -21.000000 -25.750000 0.300000 0.050000 0.100000 -0.300000 -0.660000 9.770000 
75 Sun Nov 16 17:44:56 2025
!HSI 6.312500 -2.187500 3.750000 0.058889 -0.044444 0.167778 -0.140000 -0.680000 9.790000 -7.000000 -19.875000 -25.875000 0.210000 -0.020000 0.010000 -0.370000 -0.640000 9.770000 
76 Sun Nov 16 17:44:56 2025
!HSI 3.312500 -1.375000 2.625000 0.026667 0.031111 0.158889 -0.040000 -0.540000 9.670000 -9.187500 -20.187500 -25.500000 0.200000 -0.090000 -0.110000 -0.240000 -0.440000 9.790000 
77 Sun Nov 16 17:44:57 2025
!HSI 0.875000 -3.125000 3.437500 -0.086667 0.140000 0.144444 -0.240000 -0.590000 9.880000 -8.250000 -19.187500 -24.375000 0.280000 -0.010000 0.100000 -0.540000 -0.600000 9.770000 
78 Sun Nov 16 17:44:57 2025
!HSI 358.375000 -3.750000 3.812500 0.046667 -0.036667 0.147778 -0.460000 -0.650000 9.920000 -8.500000 -18.187500 -28.187500 0.180000 0.000000 0.160000 -0.640000 -0.650000 9.760000 
79 Sun Nov 16 17:44:57 2025
!HSI 356.437500 -3.187500 2.500000 0.070000 0.034444 0.104444 -0.350000 -0.590000 9.690000 -9.687500 -17.250000 -25.500000 0.190000 -0.170000 -0.080000 -0.550000 -0.420000 9.780000 
80 Sun Nov 16 17:44:58 2025
!HSI 354.750000 -4.000000 2.687500 -0.075556 0.027778 0.098889 -0.480000 -0.500000 9.590000 -9.187500 -18.562500 -26.375000 0.200000 -0.020000 -0.170000 -0.680000 -0.470000 9.770000 
81 Sun Nov 16 17:44:58 2025
!HSI 353.187500 -3.375000 4.187500 -0.088889 -0.047778 0.078889 -0.400000 -0.600000 9.860000 -10.000000 -16.250000 -27.562500 0.170000 0.120000 0.090000 -0.570000 -0.720000 9.760000 
82 Sun Nov 16 17:44:58 2025
!HSI 351.937500 -2.625000 4.000000 0.065556 -0.007778 0.072222 -0.270000 -0.820000 9.920000 -11.187500 -16.250000 -26.875000 0.170000 -0.140000 0.150000 -0.450000 -0.680000 9.770000 
83 Sun Nov 16 17:44:59 2025
!HSI 351.187500 -2.687500 4.000000 -0.061111 0.010000 0.013333 -0.280000 -0.700000 9.580000 -11.187500 -16.687500 -27.250000 0.180000 -0.020000 -0.180000 -0.460000 -0.680000 9.770000 
84 Sun Nov 16 17:44:59 2025
!HSI 350.875000 -2.125000 5.187500 -0.040000 -0.048889 0.032222 -0.250000 -0.860000 9.770000 -11.500000 -16.375000 -27.687500 0.110000 0.010000 0.010000 -0.360000 -0.880000 9.750000 
85 Sun Nov 16 17:44:59 2025
!HSI 350.375000 -2.250000 5.187500 0.024444 0.078889 0.018889 -0.240000 -0.960000 10.020000 -11.875000 -16.375000 -27.000000 0.140000 -0.070000 0.260000 -0.390000 -0.880000 9.750000 
86 Sun Nov 16 17:45:00 2025
!HSI 350.062500 -2.937500 4.687500 0.028889 -0.008889 0.027778 -0.370000 -0.860000 9.720000 -11.562500 -15.562500 -27.750000 0.130000 -0.060000 -0.030000 -0.500000 -0.800000 9.760000 
87 Sun Nov 16 17:45:00 2025
!HSI 349.812500 -2.312500 4.812500 -0.041111 -0.023333 0.004444 -0.330000 -0.780000 9.690000 -11.500000 -16.687500 -28.250000 0.060000 0.040000 -0.070000 -0.390000 -0.820000 9.760000 
88 Sun Nov 16 17:45:00 2025
!HSI 349.750000 -2.937500 5.437500 -0.024444 0.082222 0.018889 -0.410000 -0.880000 9.830000 -11.875000 -16.375000 -29.000000 0.080000 0.050000 0.080000 -0.500000 -0.930000 9.740000 
89 Sun Nov 16 17:45:00 2025
!HSI 349.500000 -3.625000 5.125000 0.061111 0.004444 0.013333 -0.440000 -0.900000 9.880000 -11.500000 -15.562500 -28.562500 0.180000 -0.010000 0.130000 -0.620000 -0.880000 9.740000 
90 Sun Nov 16 17:45:01 2025
!HSI 349.500000 -3.000000 4.062500 0.028889 -0.041111 0.003333 -0.450000 -0.800000 9.680000 -11.875000 -16.000000 -27.875000 0.050000 -0.110000 -0.070000 -0.510000 -0.690000 9.760000 
91 Sun Nov 16 17:45:01 2025
!HSI 349.500000 -2.562500 4.750000 -0.078889 0.011111 0.006667 -0.420000 -0.790000 9.780000 -11.500000 -16.750000 -28.250000 0.010000 0.020000 0.020000 -0.440000 -0.810000 9.760000 
92 Sun Nov 16 17:45:01 2025
!HSI 349.625000 -3.125000 5.625000 -0.015556 0.053333 -0.026667 -0.380000 -0.900000 9.880000 -10.750000 -15.250000 -28.250000 0.150000 0.060000 0.140000 -0.540000 -0.960000 9.740000 
93 Sun Nov 16 17:45:02 2025
!HSI 350.250000 -3.187500 5.062500 0.072222 -0.048889 -0.036667 -0.520000 -0.930000 9.790000 -10.375000 -16.062500 -29.062500 0.020000 -0.070000 0.040000 -0.550000 -0.850000 9.750000 
94 Sun Nov 16 17:45:02 2025
!HSI 350.437500 -2.312500 4.437500 -0.008889 -0.033333 0.007778 -0.430000 -0.830000 9.740000 -10.875000 -16.750000 -27.562500 -0.040000 -0.060000 -0.020000 -0.390000 -0.760000 9.760000 
95 Sun Nov 16 17:45:02 2025
!HSI 350.437500 -2.312500 5.062500 -0.051111 0.012222 -0.015556 -0.240000 -0.900000 9.660000 -11.562500 -15.000000 -27.562500 0.150000 -0.030000 -0.090000 -0.400000 -0.860000 9.750000 
96 Sun Nov 16 17:45:02 2025
!HSI 351.125000 -2.250000 5.750000 -0.007778 -0.005556 -0.064444 -0.320000 -0.910000 9.900000 -10.875000 -15.187500 -28.000000 0.060000 0.060000 0.150000 -0.390000 -0.980000 9.740000 
97 Sun Nov 16 17:45:03 2025
!HSI 351.750000 -1.687500 4.750000 0.091111 -0.072222 -0.005556 -0.400000 -0.880000 9.860000 -11.562500 -16.750000 -27.187500 -0.110000 -0.070000 0.090000 -0.280000 -0.800000 9.760000 
98 Sun Nov 16 17:45:03 2025
!HSI 351.812500 -1.437500 4.250000 -0.045556 0.083333 -0.022222 -0.150000 -0.760000 9.790000 -11.500000 -18.187500 -26.687500 0.090000 -0.030000 0.020000 -0.250000 -0.730000 9.770000 
99 Sun Nov 16 17:45:03 2025
!HSI 352.625000 -3.000000 5.312500 -0.040000 0.027778 -0.060000 -0.450000 -0.880000 9.680000 -10.000000 -17.062500 -28.062500 0.060000 0.030000 -0.060000 -0.520000 -0.910000 9.740000 
100 Sun Nov 16 17:45:04 2025
!HSI 353.375000 -2.125000 5.312500 0.037778 -0.070000 -0.037778 -0.480000 -0.870000 9.840000 -10.062500 -16.375000 -28.000000 -0.120000 0.030000 0.080000 -0.360000 -0.910000 9.750000 
101 Sun Nov 16 17:45:04 2025
!HSI 353.625000 -1.625000 4.500000 0.045556 0.007778 -0.008889 -0.300000 -0.830000 9.850000 -10.500000 -17.500000 -27.562500 -0.010000 -0.060000 0.070000 -0.280000 -0.770000 9.770000 
102 Sun Nov 16 17:45:04 2025
!HSI 354.062500 -1.625000 4.187500 -0.018889 0.015556 -0.048889 -0.300000 -0.760000 9.750000 -10.062500 -17.187500 -27.562500 -0.010000 -0.040000 -0.020000 -0.280000 -0.720000 9.770000 
