AVOE LOG FILE: Sun Nov 16 17:04:32 2025
1 Sun Nov 16 17:04:33 2025
!HSI 155.750000 1.750000 171.500000 -0.001111 -0.001111 0.004444 0.380000 -1.430000 -9.880000 1.062500 33.062500 58.500000 -0.010000 0.050000 -0.060000 0.300000 -1.440000 -9.690000 
2 Sun Nov 16 17:04:33 2025
!HSI 155.875000 1.687500 171.562500 0.001111 0.008889 0.006667 0.380000 -1.450000 -9.800000 0.375000 32.750000 59.250000 0.050000 0.040000 -0.040000 0.290000 -1.430000 -9.690000 
3 Sun Nov 16 17:04:34 2025
!HSI 156.000000 1.625000 171.562500 0.000000 -0.001111 0.001111 0.170000 -1.500000 -9.690000 0.875000 20.750000 35.875000 -0.110000 -0.060000 0.000000 0.280000 -1.430000 -9.690000 
4 Sun Nov 16 17:04:34 2025
!HSI 156.000000 1.562500 171.562500 0.000000 -0.001111 0.001111 0.320000 -1.390000 -9.820000 -0.875000 19.750000 38.187500 0.040000 0.030000 -0.120000 0.270000 -1.430000 -8.410000 
5 Sun Nov 16 17:04:34 2025
!HSI 156.000000 1.562500 171.562500 0.000000 0.000000 -0.001111 0.200000 -1.440000 -9.820000 -1.250000 19.750000 37.875000 -0.060000 -0.010000 -0.120000 0.270000 -1.430000 -9.690000 
6 Sun Nov 16 17:04:34 2025
!HSI 156.000000 1.500000 171.562500 0.001111 0.004444 0.001111 0.140000 -1.460000 -9.800000 -1.562500 18.562500 36.687500 -0.120000 -0.020000 -0.100000 0.260000 -1.430000 -9.690000 
7 Sun Nov 16 17:04:35 2025
!HSI 156.000000 1.500000 171.562500 -0.001111 0.002222 -0.002222 0.180000 -1.410000 -9.780000 -1.562500 20.062500 38.562500 -0.070000 0.010000 -0.080000 0.260000 -1.420000 -9.690000 
8 Sun Nov 16 17:04:35 2025
!HSI 156.000000 1.500000 171.562500 -0.002222 0.002222 -0.001111 0.180000 -1.430000 -9.790000 -2.000000 19.750000 37.500000 -0.070000 0.000000 -0.090000 0.260000 -1.420000 -9.690000 
9 Sun Nov 16 17:04:35 2025
!HSI 156.000000 1.500000 171.562500 -0.001111 0.000000 0.002222 0.200000 -1.450000 -9.840000 -0.875000 18.562500 39.000000 -0.060000 -0.020000 -0.140000 0.260000 -1.420000 -9.690000 
10 Sun Nov 16 17:04:36 2025
!HSI 156.000000 1.500000 171.562500 0.002222 -0.001111 -0.001111 0.200000 -1.440000 -9.850000 -0.500000 19.000000 38.562500 -0.050000 -0.010000 -0.160000 0.260000 -1.420000 -9.690000 
11 Sun Nov 16 17:04:36 2025
!HSI 156.000000 1.500000 171.562500 0.001111 0.001111 -0.001111 0.230000 -1.460000 -9.830000 -1.250000 19.000000 36.250000 -0.020000 -0.030000 -0.130000 0.260000 -1.420000 -9.690000 
12 Sun Nov 16 17:04:36 2025
!HSI 156.000000 1.500000 171.562500 0.001111 -0.002222 0.000000 0.210000 -1.470000 -9.860000 -0.875000 19.000000 38.187500 -0.040000 -0.040000 -0.170000 0.260000 -1.420000 -9.690000 
13 Sun Nov 16 17:04:37 2025
!HSI 156.000000 1.500000 171.562500 0.000000 0.004444 0.000000 0.220000 -1.440000 -9.810000 -1.562500 18.562500 37.875000 -0.040000 -0.010000 -0.110000 0.260000 -1.420000 -9.690000 
14 Sun Nov 16 17:04:37 2025
!HSI 156.000000 1.500000 171.562500 -0.001111 -0.002222 0.001111 0.190000 -1.410000 -9.790000 -0.875000 19.000000 37.875000 -0.070000 0.010000 -0.090000 0.260000 -1.420000 -9.690000 
15 Sun Nov 16 17:04:37 2025
!HSI 156.000000 1.500000 171.562500 0.000000 0.000000 0.000000 0.220000 -1.440000 -9.850000 -1.250000 19.375000 37.062500 -0.030000 -0.010000 -0.150000 0.260000 -1.420000 -9.690000 
16 Sun Nov 16 17:04:38 2025
!HSI 156.000000 1.500000 171.562500 -0.002222 -0.001111 0.000000 0.160000 -1.440000 -9.800000 -0.500000 18.562500 37.875000 -0.090000 -0.010000 -0.100000 0.260000 -1.420000 -9.690000 
17 Sun Nov 16 17:04:38 2025
!HSI 156.000000 1.500000 171.562500 0.003333 0.002222 0.002222 0.230000 -1.440000 -9.840000 -1.250000 19.375000 38.187500 -0.090000 -0.010000 -0.070000 0.260000 -1.420000 -9.690000 
