AVOE LOG FILE: Sun Nov 16 17:24:22 2025
1 Sun Nov 16 17:24:25 2025
!HSI 1.562500 -3.125000 5.187500 0.003333 -0.041111 -0.078889 -0.590000 -0.930000 9.450000 8.062500 -19.687500 -6.875000 -0.050000 -0.040000 -0.290000 -0.530000 -0.890000 9.750000 
2 Sun Nov 16 17:24:26 2025
!HSI 5.937500 -1.375000 4.812500 -0.016667 0.093333 -0.061111 -0.350000 -0.750000 9.590000 7.875000 -19.062500 -7.500000 -0.110000 0.060000 -0.170000 -0.240000 -0.820000 9.760000 
3 Sun Nov 16 17:24:28 2025
!HSI 10.062500 -2.125000 5.375000 0.016667 0.035556 0.051111 -0.490000 -0.930000 9.600000 7.875000 -19.562500 -9.250000 -0.130000 -0.010000 -0.150000 -0.360000 -0.920000 9.750000 
4 Sun Nov 16 17:24:30 2025
!HSI 1.187500 -4.312500 6.312500 -0.060000 0.101111 0.064444 -0.580000 -1.110000 9.610000 4.562500 -20.062500 -9.250000 0.160000 -0.010000 -0.070000 -0.750000 -1.080000 9.710000 
5 Sun Nov 16 17:24:32 2025
!HSI 357.312500 -2.937500 5.500000 0.034444 0.024444 0.011111 -0.370000 326.750000 9.530000 1.000000 -18.750000 -11.000000 0.130000 0.000000 -0.210000 -0.510000 -0.940000 9.740000 
6 Sun Nov 16 17:24:33 2025
!HSI 357.312500 -3.812500 5.000000 0.047778 0.058889 0.013333 -0.440000 -1.000000 9.460000 1.375000 -20.062500 -11.062500 0.210000 -0.140000 -0.280000 -0.650000 -0.850000 9.740000 
7 Sun Nov 16 17:24:33 2025
!HSI 357.125000 -3.437500 5.000000 -0.050000 -0.043333 0.011111 -0.530000 -0.870000 9.390000 1.062500 -20.062500 -10.062500 0.050000 -0.010000 -0.360000 -0.580000 -0.850000 9.750000 
8 Sun Nov 16 17:24:33 2025
!HSI 357.125000 -3.187500 6.250000 -0.067778 -0.003333 -0.015556 -0.540000 -0.910000 9.610000 2.187500 -20.375000 -11.000000 0.010000 0.150000 -0.120000 -0.550000 -1.070000 9.730000 
9 Sun Nov 16 17:24:34 2025
!HSI 357.312500 -3.187500 5.937500 0.087778 0.016667 -0.013333 -0.560000 -1.000000 9.630000 0.375000 -18.750000 -11.500000 0.000000 0.010000 -0.090000 -0.550000 -1.010000 9.730000 
10 Sun Nov 16 17:24:34 2025
!HSI 357.687500 -4.187500 4.500000 0.040000 0.084444 -0.033333 -0.510000 -0.850000 9.320000 1.875000 -20.000000 -12.062500 0.210000 -0.080000 -0.420000 -0.720000 -0.760000 9.740000 
11 Sun Nov 16 17:24:34 2025
!HSI 358.312500 -3.687500 4.750000 -0.033333 -0.134444 -0.014444 -0.660000 -0.840000 9.330000 2.250000 -20.062500 -10.562500 -0.020000 -0.020000 -0.410000 -0.620000 -0.820000 9.750000 
12 Sun Nov 16 17:24:35 2025
!HSI 358.125000 -1.750000 5.375000 -0.033333 -0.013333 0.004444 -0.330000 -0.790000 9.730000 0.000000 -20.062500 -12.250000 -0.030000 0.130000 -0.020000 -0.300000 -0.920000 9.750000 
13 Sun Nov 16 17:24:35 2025
!HSI 358.187500 -2.000000 5.250000 0.051111 0.007778 0.006667 -0.370000 -0.830000 9.660000 0.000000 -18.500000 -11.187500 -0.020000 0.060000 -0.090000 -0.340000 -0.900000 9.750000 
14 Sun Nov 16 17:24:35 2025
!HSI 357.750000 -2.187500 4.062500 0.044444 0.043333 0.040000 -0.310000 -0.820000 9.360000 1.062500 -19.687500 -11.250000 0.070000 -0.120000 -0.410000 -0.380000 -0.700000 9.770000 
15 Sun Nov 16 17:24:35 2025
!HSI 356.500000 -2.812500 4.437500 -0.073333 -0.002222 0.121111 -0.400000 -0.790000 9.320000 0.687500 -20.062500 -11.000000 0.080000 -0.020000 -0.440000 -0.480000 -0.760000 9.760000 
16 Sun Nov 16 17:24:36 2025
!HSI 354.312500 -2.687500 5.437500 -0.041111 -0.043333 0.124444 -0.400000 -0.870000 9.520000 -1.062500 -18.687500 -12.187500 0.050000 0.060000 -0.220000 -0.450000 -0.930000 9.750000 
17 Sun Nov 16 17:24:36 2025
!HSI 351.937500 -2.250000 5.625000 0.020000 -0.005556 0.135556 -0.260000 -0.970000 9.720000 -3.562500 -17.562500 -12.250000 0.120000 -0.010000 -0.020000 -0.390000 -0.960000 9.750000 
18 Sun Nov 16 17:24:36 2025
!HSI 349.750000 -2.875000 5.000000 0.023333 0.034444 0.114444 -0.230000 -0.910000 9.410000 -4.250000 -19.562500 -12.500000 0.260000 -0.060000 -0.340000 -0.490000 -0.850000 9.750000 
19 Sun Nov 16 17:24:37 2025
!HSI 347.562500 -2.562500 4.937500 -0.013333 -0.060000 0.148889 -0.220000 -0.840000 9.360000 -4.562500 -19.187500 -11.750000 0.200000 0.000000 -0.390000 -0.430000 -0.850000 9.750000 
20 Sun Nov 16 17:24:37 2025
!HSI 345.250000 -2.250000 4.937500 -0.001111 0.044444 0.121111 -0.120000 -0.890000 9.610000 -6.750000 -18.375000 -13.875000 0.240000 -0.030000 -0.150000 -0.390000 -0.850000 9.760000 
21 Sun Nov 16 17:24:37 2025
!HSI 343.875000 -10.812500 5.000000 0.008889 0.034444 0.063333 -0.280000 -0.890000 9.630000 -6.250000 -18.562500 -11.500000 0.200000 -0.030000 -0.110000 -0.480000 -0.850000 9.750000 
22 Sun Nov 16 17:24:38 2025
!HSI 343.000000 -3.125000 4.937500 0.005556 0.002222 0.060000 -0.350000 -0.810000 9.440000 -6.375000 -18.750000 -13.062500 0.170000 0.030000 -0.300000 -0.530000 -0.840000 9.750000 
23 Sun Nov 16 17:24:38 2025
!HSI 341.687500 -2.312500 4.375000 0.044444 -0.087778 0.085556 -0.270000 -0.740000 9.370000 -7.562500 -18.250000 -12.187500 0.110000 0.000000 -0.390000 -0.390000 -0.750000 9.760000 
24 Sun Nov 16 17:24:38 2025
!HSI 339.625000 -1.687500 4.562500 -0.078889 0.062222 0.140000 -0.100000 -0.920000 9.510000 -8.000000 -18.250000 -11.687500 0.190000 -0.130000 -0.250000 -0.290000 -0.780000 9.770000 
25 Sun Nov 16 17:24:39 2025
!HSI 336.687500 -2.312500 6.312500 -0.075556 -0.034444 0.188889 -0.130000 -1.060000 9.560000 -9.687500 -16.062500 -12.375000 0.260000 0.020000 -0.170000 -0.390000 -1.080000 9.730000 
26 Sun Nov 16 17:24:39 2025
!HSI 333.125000 -1.562500 6.312500 0.064444 -0.015556 0.194444 -0.070000 -1.060000 9.540000 -11.875000 -16.562500 -13.687500 0.190000 0.000000 -0.190000 -0.260000 -1.070000 9.740000 
27 Sun Nov 16 17:24:39 2025
!HSI 330.312500 -2.250000 4.937500 0.047778 0.081111 0.131111 -0.170000 -0.910000 9.480000 -12.750000 -16.562500 -13.687500 0.210000 -0.060000 -0.270000 -0.390000 -0.850000 9.760000 
28 Sun Nov 16 17:24:40 2025
!HSI 328.375000 -3.125000 5.125000 -0.040000 0.033333 0.101111 -0.310000 -0.890000 9.520000 -11.562500 -15.062500 -13.687500 0.210000 -0.010000 -0.240000 -0.540000 -0.880000 9.750000 
29 Sun Nov 16 17:24:40 2025
!HSI 326.875000 -3.375000 5.437500 -0.004444 0.016667 0.087778 -0.350000 -0.920000 9.480000 -12.500000 -14.500000 -13.750000 0.220000 0.010000 -0.250000 -0.580000 -0.930000 9.740000 
30 Sun Nov 16 17:24:40 2025
!HSI 325.875000 -2.937500 5.125000 0.042222 -0.037778 0.050000 -0.340000 -0.870000 9.520000 -12.687500 -14.250000 -14.187500 0.150000 0.000000 -0.230000 -0.500000 -0.870000 9.750000 
31 Sun Nov 16 17:24:40 2025
!HSI 325.375000 -3.000000 4.812500 -0.027778 0.044444 0.011111 -0.360000 -0.900000 9.430000 -12.250000 -15.500000 -11.875000 0.150000 -0.070000 -0.310000 -0.520000 -0.830000 9.750000 
32 Sun Nov 16 17:24:41 2025
!HSI 325.000000 -3.312500 5.625000 -0.031111 -0.017778 0.017778 -0.400000 -0.870000 9.640000 -12.687500 -14.062500 -14.000000 0.150000 0.090000 -0.090000 -0.560000 -0.960000 9.740000 
33 Sun Nov 16 17:24:41 2025
!HSI 325.062500 -2.687500 5.375000 0.027778 -0.024444 -0.013333 -0.340000 -1.000000 9.440000 -12.687500 -13.750000 -13.500000 0.110000 -0.080000 -0.310000 -0.450000 -0.910000 9.750000 
34 Sun Nov 16 17:24:41 2025
!HSI 325.062500 -2.000000 5.625000 -0.042222 -0.026667 0.017778 -0.320000 -0.940000 9.430000 -13.750000 -14.062500 -13.500000 0.020000 0.020000 -0.310000 -0.350000 -0.960000 9.750000 
35 Sun Nov 16 17:24:42 2025
!HSI 324.250000 -2.687500 6.062500 0.001111 0.066667 0.078889 -0.270000 -1.020000 9.590000 -13.375000 -13.375000 -13.687500 0.190000 0.000000 -0.140000 -0.470000 -1.030000 9.740000 
36 Sun Nov 16 17:24:42 2025
!HSI 323.062500 -3.125000 5.562500 0.037778 -0.015556 0.052222 -0.380000 -1.010000 9.570000 -13.187500 -13.000000 -15.375000 0.150000 -0.060000 -0.160000 -0.540000 -0.950000 9.740000 
37 Sun Nov 16 17:24:42 2025
!HSI 322.437500 -2.812500 4.875000 0.020000 0.004444 0.028889 -0.350000 -0.920000 9.430000 -13.375000 -13.250000 -13.062500 0.120000 -0.080000 -0.320000 -0.480000 -0.830000 9.750000 
38 Sun Nov 16 17:24:43 2025
!HSI 321.875000 -3.250000 5.187500 -0.038889 0.008889 0.025556 -0.360000 -0.820000 9.420000 -13.062500 -12.875000 -14.562500 0.180000 0.070000 -0.320000 -0.550000 -0.890000 9.740000 
39 Sun Nov 16 17:24:43 2025
!HSI 322.000000 -3.312500 5.437500 0.011111 0.024444 -0.017778 -0.400000 -0.970000 9.510000 -13.500000 -13.687500 -13.750000 0.160000 -0.040000 -0.220000 -0.570000 -0.930000 9.740000 
40 Sun Nov 16 17:24:43 2025
!HSI 322.312500 -3.000000 5.000000 0.025556 -0.040000 -0.028889 -0.430000 -0.940000 9.560000 -13.875000 -12.875000 -13.875000 0.070000 -0.080000 -0.180000 -0.500000 -0.860000 9.750000 
41 Sun Nov 16 17:24:44 2025
!HSI 322.937500 -2.812500 5.125000 -0.016667 0.045556 -0.034444 -0.410000 -0.900000 9.430000 -13.500000 -13.687500 -14.687500 0.070000 -0.020000 -0.320000 -0.490000 -0.880000 9.750000 
42 Sun Nov 16 17:24:44 2025
!HSI 323.125000 -3.062500 5.250000 0.004444 -0.043333 0.010000 -0.450000 -0.900000 9.410000 -13.500000 -14.250000 -13.562500 0.070000 0.000000 -0.330000 -0.520000 -0.890000 9.750000 
43 Sun Nov 16 17:24:44 2025
!HSI 323.125000 -2.625000 5.250000 0.007778 0.023333 -0.026667 -0.300000 -0.760000 9.590000 -14.562500 -14.000000 -15.562500 0.120000 0.120000 -0.140000 -0.450000 -0.890000 9.750000 
44 Sun Nov 16 17:24:44 2025
!HSI 323.875000 -2.625000 4.187500 0.088889 -0.032222 -0.038889 -0.530000 -0.830000 9.510000 -13.187500 -14.250000 -14.375000 -0.080000 -0.110000 -0.250000 -0.450000 -0.710000 9.770000 
45 Sun Nov 16 17:24:45 2025
!HSI 324.312500 -2.375000 3.562500 -0.041111 0.027778 -0.022222 -0.270000 -0.670000 9.390000 -13.187500 -15.062500 -13.750000 0.140000 -0.060000 -0.380000 -0.410000 -0.610000 9.770000 
46 Sun Nov 16 17:24:45 2025
!HSI 324.937500 -2.687500 5.000000 -0.045556 -0.034444 -0.038889 -0.410000 -0.800000 9.610000 -12.062500 -14.187500 -14.687500 0.040000 0.050000 -0.130000 -0.450000 -0.860000 9.750000 
47 Sun Nov 16 17:24:45 2025
!HSI 325.250000 -1.687500 4.437500 0.072222 -0.012222 0.004444 -0.330000 -0.790000 9.540000 -13.875000 -14.250000 -14.687500 -0.030000 -0.030000 -0.220000 -0.290000 -0.760000 9.770000 
48 Sun Nov 16 17:24:46 2025
!HSI 325.187500 -2.000000 3.562500 0.025556 0.007778 -0.006667 -0.300000 -0.650000 9.390000 -13.500000 -14.562500 -14.062500 0.040000 -0.030000 -0.390000 -0.350000 -0.610000 9.780000 
49 Sun Nov 16 17:24:46 2025
!HSI 325.437500 -2.000000 3.562500 -0.024444 0.022222 -0.018889 -0.350000 -0.670000 9.460000 -14.250000 -14.562500 -14.062500 0.000000 -0.060000 -0.310000 -0.350000 -0.610000 9.780000 
50 Sun Nov 16 17:24:46 2025
!HSI 325.500000 -2.312500 4.187500 -0.036667 -0.022222 -0.008889 -0.290000 -0.680000 9.500000 -13.187500 -15.062500 -14.500000 0.100000 0.030000 -0.270000 -0.400000 -0.720000 9.770000 
51 Sun Nov 16 17:24:47 2025
!HSI 325.875000 -1.500000 4.312500 0.026667 -0.047778 -0.034444 -0.260000 -0.770000 9.610000 -12.750000 -15.062500 -14.187500 -0.010000 -0.040000 -0.160000 -0.250000 326.950000 9.770000 
52 Sun Nov 16 17:24:47 2025
!HSI 326.125000 -1.125000 3.875000 0.003333 0.010000 0.004444 -0.300000 -0.730000 9.410000 -13.375000 -15.375000 -15.062500 -0.100000 -0.070000 -0.360000 -0.200000 -0.660000 9.780000 
53 Sun Nov 16 17:24:47 2025
!HSI 325.937500 -1.937500 4.562500 -0.064444 0.052222 0.006667 -0.160000 -0.660000 9.500000 -13.375000 -14.562500 -14.562500 0.170000 0.120000 -0.250000 -0.330000 -0.790000 9.760000 
54 Sun Nov 16 17:24:48 2025
!HSI 325.875000 -1.687500 4.812500 0.042222 -0.058889 0.001111 -0.350000 -0.930000 9.550000 -14.187500 -14.562500 -7.500000 -0.060000 -0.110000 -0.200000 -0.290000 -0.820000 9.760000 
55 Sun Nov 16 17:24:48 2025
!HSI 326.000000 -1.500000 4.687500 -0.037778 0.038889 -0.018889 -0.310000 -0.800000 9.500000 -13.375000 -15.000000 -14.687500 -0.050000 0.000000 -0.250000 -0.260000 -0.810000 9.760000 
56 Sun Nov 16 17:24:48 2025
!HSI 326.187500 -2.312500 5.437500 -0.044444 0.058889 0.005556 -0.400000 -0.940000 9.530000 -12.250000 -13.562500 -15.875000 0.000000 0.000000 -0.210000 -0.400000 -0.940000 9.750000 
57 Sun Nov 16 17:24:48 2025
!HSI 325.937500 -2.750000 5.562500 0.040000 -0.018889 0.031111 -0.420000 -0.950000 9.500000 -12.000000 -13.250000 -15.375000 0.040000 0.000000 -0.240000 -0.470000 -0.940000 9.740000 
58 Sun Nov 16 17:24:49 2025
!HSI 325.437500 -2.187500 4.562500 0.041111 -0.018889 0.026667 -0.360000 -0.780000 9.470000 -12.250000 -14.687500 -16.187500 0.000000 0.000000 -0.320000 -0.380000 -0.780000 9.760000 
59 Sun Nov 16 17:24:49 2025
!HSI 325.250000 -2.500000 4.687500 -0.030000 0.026667 -0.018889 -0.390000 -0.810000 9.570000 -11.562500 -14.250000 -15.500000 0.030000 0.000000 -0.180000 -0.430000 -0.810000 9.760000 
60 Sun Nov 16 17:24:49 2025
!HSI 325.562500 -2.500000 4.875000 0.005556 -0.002222 0.004444 -0.480000 -0.810000 9.440000 -12.687500 -14.250000 -15.750000 -0.040000 0.010000 -0.310000 -0.430000 -0.830000 9.760000 
61 Sun Nov 16 17:24:50 2025
!HSI 325.562500 -2.500000 4.875000 0.004444 -0.002222 -0.016667 -0.350000 -0.770000 9.420000 -13.062500 -14.687500 -15.500000 0.080000 0.060000 -0.330000 -0.430000 -0.830000 9.760000 
62 Sun Nov 16 17:24:50 2025
!HSI 326.062500 -2.375000 4.875000 0.003333 -0.008889 -0.031111 -0.370000 -0.880000 9.680000 -13.062500 -13.875000 -7.500000 0.020000 -0.040000 -0.070000 -0.400000 -0.830000 9.760000 
63 Sun Nov 16 17:24:50 2025
!HSI 326.500000 -2.312500 4.625000 0.016667 -0.011111 -0.015556 -0.390000 -0.850000 9.480000 -12.687500 -14.250000 -16.687500 0.000000 -0.050000 -0.280000 -0.390000 -0.790000 9.760000 
64 Sun Nov 16 17:24:51 2025
!HSI 326.812500 -1.937500 4.562500 -0.016667 -0.011111 -0.031111 -0.290000 -0.720000 9.370000 -12.687500 -14.687500 -15.000000 0.030000 0.060000 -0.390000 -0.330000 -0.790000 9.760000 
65 Sun Nov 16 17:24:51 2025
!HSI 327.500000 -2.125000 5.250000 -0.040000 0.032222 -0.048889 -0.380000 -0.880000 9.460000 -11.562500 -15.500000 -15.500000 -0.010000 0.010000 -0.290000 -0.370000 -0.900000 9.750000 
66 Sun Nov 16 17:24:51 2025
!HSI 328.062500 -2.250000 5.312500 0.031111 -0.007778 -0.013333 -0.390000 -0.870000 9.610000 -12.000000 -15.062500 -16.187500 0.000000 0.030000 -0.130000 -0.390000 -0.910000 9.750000 
67 Sun Nov 16 17:24:51 2025
!HSI 328.250000 -2.062500 4.812500 0.053333 -0.032222 -0.024444 -0.360000 -0.820000 9.500000 -11.187500 -15.062500 -15.000000 0.000000 0.000000 -0.260000 -0.350000 -0.810000 9.760000 
68 Sun Nov 16 17:24:52 2025
!HSI 328.562500 -1.812500 4.375000 0.043333 -0.025556 -0.047778 -0.330000 -0.760000 9.400000 -11.250000 -15.562500 -14.687500 -0.020000 0.000000 -0.360000 -0.310000 -0.750000 9.770000 
69 Sun Nov 16 17:24:52 2025
!HSI 329.000000 -1.687500 4.187500 0.017778 0.007778 -0.058889 -0.350000 -0.750000 9.400000 -12.062500 -15.562500 -15.062500 -0.100000 -0.060000 -0.390000 -0.290000 -0.710000 9.770000 
70 Sun Nov 16 17:24:52 2025
!HSI 329.375000 -1.875000 4.187500 -0.021111 0.047778 -0.041111 -0.430000 -0.780000 9.400000 -12.375000 -15.062500 -14.750000 -0.100000 -0.050000 -0.360000 -0.330000 -0.720000 9.770000 
71 Sun Nov 16 17:24:52 2025
!HSI 329.625000 -2.312500 4.500000 -0.054444 0.045556 -0.016667 -0.400000 -0.780000 9.460000 -11.250000 -16.500000 -15.062500 0.000000 0.000000 -0.300000 -0.400000 -0.780000 9.760000 
72 Sun Nov 16 17:24:52 2025
!HSI 329.625000 -2.437500 5.000000 -0.056667 -0.008889 0.003333 -0.410000 -0.760000 9.510000 -11.000000 -15.750000 -14.750000 0.010000 0.100000 -0.240000 -0.420000 -0.860000 9.750000 
73 Sun Nov 16 17:24:52 2025
!HSI 329.625000 -2.125000 5.312500 -0.012222 -0.070000 -0.004444 -0.370000 -0.740000 9.580000 -11.562500 -15.750000 -16.000000 -0.010000 0.170000 -0.170000 -0.360000 -0.910000 9.750000 
74 Sun Nov 16 17:24:52 2025
!HSI 329.750000 -1.500000 5.250000 0.033333 -0.068889 -0.035556 -0.270000 -0.760000 9.600000 -12.750000 -15.750000 -15.687500 -0.020000 0.130000 -0.160000 -0.250000 -0.890000 9.760000 
75 Sun Nov 16 17:24:53 2025
!HSI 330.125000 -1.187500 4.875000 0.056667 0.000000 -0.054444 -0.290000 -0.820000 9.540000 -12.062500 -15.500000 -16.000000 -0.080000 0.010000 -0.220000 -0.200000 -0.830000 9.760000 
76 Sun Nov 16 17:24:53 2025
!HSI 330.500000 -1.375000 4.437500 0.050000 0.048889 -0.042222 -0.360000 -0.820000 9.520000 -11.000000 -15.687500 -14.875000 -0.120000 -0.060000 -0.250000 -0.240000 -0.760000 9.770000 
77 Sun Nov 16 17:24:53 2025
!HSI 330.812500 -1.750000 4.187500 0.017778 0.048889 -0.025556 -0.380000 -0.760000 9.440000 -11.250000 -16.062500 -16.000000 -0.070000 -0.050000 -0.320000 -0.300000 -0.710000 9.770000 
78 Sun Nov 16 17:24:53 2025
!HSI 331.000000 -2.000000 4.187500 -0.017778 0.020000 -0.023333 -0.360000 -0.710000 9.410000 -11.000000 -16.375000 -15.187500 -0.010000 0.000000 -0.350000 -0.350000 -0.720000 9.770000 
79 Sun Nov 16 17:24:53 2025
!HSI 331.187500 -2.000000 4.375000 -0.027778 -0.010000 -0.021111 -0.420000 -0.710000 9.390000 -11.250000 -16.062500 -16.000000 -0.070000 0.040000 -0.370000 -0.350000 -0.750000 9.770000 
80 Sun Nov 16 17:24:53 2025
!HSI 331.312500 -1.812500 4.625000 -0.022222 -0.044444 -0.011111 -0.380000 -0.740000 9.380000 -11.000000 -16.062500 -16.375000 -0.070000 0.040000 -0.380000 -0.310000 -0.790000 9.760000 
81 Sun Nov 16 17:24:54 2025
!HSI 331.375000 -1.375000 4.750000 -0.013333 -0.060000 -0.013333 -0.380000 -0.740000 9.500000 -11.000000 -15.375000 -14.500000 -0.130000 0.060000 -0.270000 -0.230000 -0.820000 9.760000 
82 Sun Nov 16 17:24:54 2025
!HSI 331.437500 -1.000000 4.812500 -0.005556 -0.017778 -0.014444 -0.300000 -0.770000 9.620000 -11.000000 -16.750000 -14.875000 -0.120000 0.050000 -0.140000 -0.170000 -0.820000 9.770000 
83 Sun Nov 16 17:24:54 2025
!HSI 331.625000 -1.125000 4.812500 -0.004444 0.046667 -0.021111 -0.300000 -0.830000 9.680000 -11.687500 -16.750000 -7.687500 -0.090000 -0.010000 -0.080000 -0.200000 -0.820000 9.760000 
84 Sun Nov 16 17:24:54 2025
!HSI 331.812500 -1.562500 4.812500 -0.003333 0.048889 -0.022222 -0.370000 -0.820000 9.600000 -9.875000 -15.687500 -15.187500 -0.090000 0.000000 -0.160000 -0.270000 -0.820000 9.760000 
85 Sun Nov 16 17:24:54 2025
!HSI 331.937500 -1.750000 4.812500 0.011111 0.007778 -0.011111 -0.380000 -0.770000 9.520000 -10.000000 -16.062500 -15.187500 -0.070000 0.050000 -0.240000 -0.300000 -0.820000 9.760000 
86 Sun Nov 16 17:24:54 2025
!HSI 332.000000 -1.687500 4.625000 0.037778 -0.021111 -0.007778 -0.310000 -0.740000 9.450000 -10.250000 -16.062500 -15.687500 -0.020000 0.040000 -0.310000 -0.290000 -0.780000 9.770000 
87 Sun Nov 16 17:24:54 2025
!HSI 332.000000 -1.562500 4.250000 0.041111 -0.010000 -0.008889 -0.290000 -0.700000 9.310000 -10.250000 -16.375000 -15.187500 -0.030000 0.020000 -0.420000 -0.260000 -0.730000 9.770000 
88 Sun Nov 16 17:24:55 2025
!HSI 332.000000 -1.500000 4.000000 0.016667 -0.008889 -0.004444 -0.330000 -0.640000 9.310000 -11.750000 -16.375000 -15.187500 -0.070000 0.040000 -0.460000 -0.260000 -0.690000 9.770000 
89 Sun Nov 16 17:24:55 2025
!HSI 332.000000 -1.437500 4.000000 -0.015556 -0.020000 -0.003333 -0.320000 -0.660000 9.400000 -11.062500 -16.750000 -16.875000 -0.070000 0.030000 -0.360000 -0.240000 -0.690000 9.770000 
90 Sun Nov 16 17:24:55 2025
!HSI 332.000000 -1.250000 4.187500 -0.034444 -0.022222 -0.007778 -0.310000 -0.720000 9.530000 -11.062500 -16.750000 -15.000000 -0.090000 0.000000 -0.220000 -0.210000 -0.720000 9.770000 
91 Sun Nov 16 17:24:55 2025
!HSI 332.000000 -1.187500 4.500000 -0.036667 0.001111 -0.006667 -0.300000 -0.800000 9.730000 -11.062500 -16.750000 -15.750000 -0.090000 -0.020000 -0.030000 -0.200000 -0.770000 9.770000 
92 Sun Nov 16 17:24:55 2025
!HSI 332.000000 -1.250000 4.687500 -0.018889 0.023333 -0.004444 -0.320000 -0.860000 9.690000 -10.687500 -16.062500 -15.750000 -0.100000 -0.050000 -0.070000 -0.210000 -0.810000 9.770000 
93 Sun Nov 16 17:24:55 2025
!HSI 332.000000 -1.437500 4.750000 -0.005556 0.030000 -0.007778 -0.310000 -0.810000 9.600000 -12.187500 -16.062500 -15.250000 -0.050000 0.000000 -0.160000 -0.250000 -0.820000 9.760000 
94 Sun Nov 16 17:24:55 2025
!HSI 332.062500 -1.625000 4.812500 0.003333 0.004444 -0.007778 -0.320000 -0.750000 9.470000 -11.250000 -16.750000 -17.000000 -0.030000 0.060000 -0.290000 -0.280000 -0.820000 9.760000 
95 Sun Nov 16 17:24:56 2025
!HSI 332.062500 -1.500000 4.750000 0.011111 -0.037778 -0.006667 -0.350000 -0.700000 9.330000 -11.000000 -16.375000 -15.750000 -0.090000 0.110000 -1.710000 -0.260000 -0.820000 9.760000 
96 Sun Nov 16 17:24:56 2025
!HSI 332.062500 -1.125000 4.687500 0.012222 -0.062222 -0.005556 -0.340000 -0.640000 9.280000 -11.750000 -16.062500 -15.750000 -0.150000 0.160000 -0.480000 -0.190000 -0.800000 9.770000 
97 Sun Nov 16 17:24:56 2025
!HSI 332.000000 -0.687500 4.562500 0.012222 -0.047778 -0.012222 -0.300000 -0.710000 9.350000 -11.750000 -16.062500 -14.562500 -0.140000 0.040000 -0.370000 -0.120000 -0.780000 9.770000 
98 Sun Nov 16 17:24:56 2025
!HSI 332.125000 -0.625000 4.437500 0.012222 0.014444 -0.011111 -0.270000 -0.800000 9.510000 -12.500000 -16.500000 -15.250000 -0.160000 -0.040000 -0.250000 -0.110000 -0.760000 9.770000 
99 Sun Nov 16 17:24:56 2025
!HSI 332.187500 -1.062500 4.500000 -0.008889 0.082222 -0.007778 -0.240000 -0.870000 9.600000 -11.375000 -16.375000 -15.750000 -0.050000 -0.100000 -0.170000 -0.180000 -0.770000 9.770000 
100 Sun Nov 16 17:24:56 2025
!HSI 332.187500 -1.812500 4.687500 -0.035556 0.087778 -0.006667 -0.310000 -0.850000 9.590000 -11.062500 -16.750000 -15.062500 0.000000 -0.040000 -0.170000 -0.310000 -0.810000 9.760000 
101 Sun Nov 16 17:24:56 2025
!HSI 332.187500 -2.187500 5.000000 -0.034444 0.015556 -0.006667 -0.390000 -0.820000 9.550000 -10.250000 -16.062500 -15.875000 -0.010000 0.030000 -0.200000 -0.380000 -0.860000 9.760000 
102 Sun Nov 16 17:24:57 2025
!HSI 332.187500 -2.062500 5.125000 -0.010000 -0.054444 -0.006667 -0.440000 -0.760000 9.500000 -10.562500 -15.687500 -16.250000 -0.090000 0.120000 -0.260000 -0.340000 -0.880000 9.760000 
103 Sun Nov 16 17:24:57 2025
!HSI 332.187500 -1.562500 5.000000 0.031111 -0.067778 -0.007778 -0.370000 -0.740000 9.480000 -10.187500 -16.875000 -16.000000 -0.100000 0.110000 -0.270000 -0.260000 -0.850000 9.760000 
104 Sun Nov 16 17:24:57 2025
!HSI 332.187500 -1.250000 4.625000 0.060000 -0.005556 -0.011111 -0.300000 -0.720000 9.480000 -11.062500 -16.187500 -15.250000 -0.070000 0.050000 -0.290000 -0.220000 -0.780000 9.770000 
105 Sun Nov 16 17:24:57 2025
!HSI 332.312500 -1.562500 4.062500 0.057778 0.065556 -0.014444 -0.290000 -0.790000 9.500000 -11.375000 -17.187500 -15.687500 -0.020000 -0.080000 -0.270000 -0.260000 -0.700000 9.770000 
106 Sun Nov 16 17:24:57 2025
!HSI 332.500000 -2.125000 3.750000 0.035556 0.070000 -0.012222 -0.360000 -0.770000 9.500000 -10.000000 -17.562500 -15.750000 0.000000 -0.130000 -0.260000 -0.370000 -0.640000 9.770000 
107 Sun Nov 16 17:24:57 2025
!HSI 332.500000 -2.437500 3.625000 -0.013333 0.020000 -0.006667 -0.430000 -0.730000 9.470000 -10.000000 -16.875000 -16.375000 -0.010000 -0.100000 -0.300000 -0.420000 -0.630000 9.770000 
108 Sun Nov 16 17:24:57 2025
!HSI 332.500000 -2.437500 3.937500 -0.050000 -0.016667 -0.003333 -0.490000 -0.640000 9.460000 -9.562500 -18.000000 -15.875000 -0.070000 0.030000 -0.300000 -0.420000 -0.680000 9.770000 
109 Sun Nov 16 17:24:58 2025
!HSI 332.500000 -2.250000 4.375000 -0.044444 -0.027778 -0.006667 -0.490000 -0.590000 9.470000 -10.000000 -16.875000 -15.687500 -0.110000 0.150000 -0.290000 -0.380000 -0.750000 9.760000 
110 Sun Nov 16 17:24:58 2025
!HSI 332.437500 -2.062500 4.500000 -0.004444 -0.037778 -0.008889 -0.460000 -0.640000 9.490000 -9.562500 -16.875000 -16.500000 -0.110000 0.130000 -0.270000 -0.350000 -0.770000 9.760000 
111 Sun Nov 16 17:24:58 2025
!HSI 332.500000 -1.812500 4.312500 0.040000 -0.021111 -0.015556 -0.380000 -0.740000 9.530000 -10.000000 -16.500000 -15.687500 -0.060000 0.000000 -0.230000 -0.310000 -0.730000 9.770000 
112 Sun Nov 16 17:24:58 2025
!HSI 332.687500 -1.875000 3.937500 0.047778 0.024444 -0.166667 -0.340000 -0.810000 9.500000 -10.000000 -17.250000 -16.500000 -0.020000 -0.130000 -0.270000 -0.320000 -0.670000 9.770000 
113 Sun Nov 16 17:24:58 2025
!HSI 332.937500 -2.187500 3.812500 0.003333 0.044444 -0.028889 -0.350000 -0.760000 9.440000 -10.187500 -18.000000 -15.687500 0.020000 -0.100000 -0.330000 -0.380000 -0.650000 9.770000 
114 Sun Nov 16 17:24:58 2025
!HSI 333.125000 -2.437500 4.000000 -0.045556 0.013333 -0.026667 -0.420000 -0.700000 9.440000 -10.250000 -17.687500 -16.875000 0.000000 0.000000 -0.320000 -0.420000 -0.690000 9.770000 
115 Sun Nov 16 17:24:58 2025
!HSI 333.312500 -2.250000 4.437500 -0.045556 -0.060000 -0.012222 -0.470000 -0.640000 9.470000 -10.250000 -16.875000 -16.062500 -0.080000 0.110000 -0.290000 -0.380000 -0.760000 9.760000 
116 Sun Nov 16 17:24:59 2025
!HSI 333.250000 -1.625000 4.562500 -0.006667 -0.102222 -0.003333 -0.370000 -0.660000 9.550000 -9.500000 -16.562500 -15.750000 -0.110000 0.120000 -0.210000 -0.270000 -0.780000 9.770000 
117 Sun Nov 16 17:24:59 2025
!HSI 333.250000 -0.937500 4.437500 0.034444 -0.045556 -0.012222 -0.220000 -0.760000 9.610000 -10.250000 -17.562500 -17.000000 -0.050000 0.000000 -0.150000 -0.160000 -0.760000 9.770000 
118 Sun Nov 16 17:24:59 2025
!HSI 333.375000 -1.000000 4.125000 0.038889 0.058889 -0.023333 -0.220000 -0.800000 9.570000 -11.375000 -17.187500 -16.062500 -0.040000 -0.100000 -0.200000 -0.180000 -0.700000 9.770000 
119 Sun Nov 16 17:24:59 2025
!HSI 333.625000 -1.625000 3.937500 0.003333 0.083333 -0.023333 -0.250000 -0.790000 9.420000 -10.187500 -17.562500 -16.687500 0.030000 -0.120000 -0.350000 -0.290000 -0.670000 9.770000 
120 Sun Nov 16 17:24:59 2025
!HSI 333.812500 -2.000000 4.062500 -0.036667 0.008889 -0.026667 -0.330000 -0.710000 9.340000 -9.062500 -17.562500 -14.750000 -0.010000 -0.030000 -0.450000 -0.340000 -0.700000 9.770000 
121 Sun Nov 16 17:24:59 2025
!HSI 334.000000 -1.687500 4.500000 -0.058889 -0.068889 -0.021111 -0.400000 -0.660000 9.300000 -9.500000 -16.875000 -18.375000 -0.110000 0.110000 -0.460000 -0.290000 -0.770000 9.770000 
122 Sun Nov 16 17:24:59 2025
!HSI 334.125000 -1.187500 4.875000 -0.046667 -0.058889 -0.014444 -0.330000 -0.670000 9.480000 -10.250000 -16.875000 -17.187500 -0.120000 0.170000 -0.280000 -0.200000 -0.840000 9.760000 
123 Sun Nov 16 17:25:00 2025
!HSI 334.250000 -1.062500 5.062500 -0.010000 0.027778 -0.034444 -0.230000 -0.870000 9.700000 -10.562500 -16.500000 -15.687500 -0.030000 -0.020000 -0.130000 -0.180000 -0.870000 9.760000 
124 Sun Nov 16 17:25:00 2025
!HSI 334.625000 -1.625000 4.937500 0.035556 0.086667 -0.045556 -0.280000 -0.930000 9.710000 -9.187500 -16.750000 -17.250000 0.000000 -0.080000 -0.050000 -0.270000 -0.850000 9.760000 
125 Sun Nov 16 17:25:00 2025
!HSI 335.000000 -2.125000 4.687500 0.044444 0.042222 -0.030000 -0.420000 -0.960000 9.560000 -9.562500 -16.750000 -17.000000 -0.050000 -0.160000 -0.190000 -0.370000 -0.800000 9.760000 
126 Sun Nov 16 17:25:00 2025
!HSI 335.187500 -2.312500 4.500000 0.007778 -0.005556 -0.023333 -0.490000 -0.830000 9.430000 -8.687500 -17.250000 -16.187500 -0.070000 -0.060000 -0.350000 -0.390000 -0.770000 9.760000 
127 Sun Nov 16 17:25:00 2025
!HSI 335.437500 -2.250000 4.687500 -0.031111 -0.007778 -0.031111 -0.470000 -0.750000 9.450000 -8.375000 -18.000000 -16.500000 -0.080000 0.040000 -0.300000 -0.390000 -0.800000 9.760000 
128 Sun Nov 16 17:25:00 2025
!HSI 335.687500 -2.375000 4.937500 -0.038889 0.053333 -0.045556 -0.450000 -0.750000 9.500000 -8.500000 -18.000000 -17.375000 -0.040000 0.100000 -0.260000 -0.410000 -0.850000 9.760000 
129 Sun Nov 16 17:25:01 2025
!HSI 336.125000 -3.000000 5.125000 -0.005556 0.094444 -0.053333 -0.500000 -0.820000 9.530000 -8.187500 -18.375000 -17.375000 0.020000 0.060000 -0.210000 -0.520000 -0.880000 9.750000 
130 Sun Nov 16 17:25:01 2025
!HSI 336.562500 -3.500000 5.000000 0.053333 0.023333 -0.043333 -0.550000 -0.890000 9.510000 -7.000000 -17.750000 -17.062500 0.050000 -0.030000 -0.230000 -0.600000 -0.850000 9.750000 
131 Sun Nov 16 17:25:01 2025
!HSI 336.812500 -3.187500 4.500000 0.077778 -0.102222 -0.025556 -0.570000 -0.810000 9.490000 -8.250000 -18.187500 -17.562500 -0.030000 -0.050000 -0.260000 -0.540000 -0.760000 9.760000 
132 Sun Nov 16 17:25:01 2025
!HSI 337.000000 -2.125000 3.937500 0.044444 -0.131111 -0.021111 -0.530000 -0.660000 9.510000 -8.250000 -18.562500 -17.562500 -0.160000 0.030000 -0.260000 -0.350000 -0.670000 9.770000 
133 Sun Nov 16 17:25:01 2025
!HSI 337.187500 -1.500000 3.812500 -0.011111 -0.038889 -0.037778 -0.450000 -0.610000 9.500000 -8.875000 -19.187500 -17.375000 -0.200000 0.040000 -0.270000 -0.250000 -0.660000 9.780000 
134 Sun Nov 16 17:25:01 2025
!HSI 337.562500 -1.687500 4.000000 -0.030000 0.066667 -0.055556 -0.420000 -0.630000 9.540000 -8.562500 -17.750000 -17.062500 -0.130000 0.050000 -0.220000 -0.290000 -0.690000 9.770000 
135 Sun Nov 16 17:25:01 2025
!HSI 338.062500 -2.375000 4.250000 -0.006667 0.095556 -0.061111 -0.470000 -0.740000 9.530000 -7.750000 -18.500000 -16.750000 -0.060000 -0.010000 -0.230000 -0.410000 -0.720000 9.770000 
136 Sun Nov 16 17:25:02 2025
!HSI 338.500000 -2.937500 4.125000 0.038889 0.037778 -0.041111 -0.550000 -0.790000 9.450000 -7.000000 -19.562500 -17.062500 -0.040000 -0.080000 -0.310000 -0.500000 -0.700000 9.760000 
137 Sun Nov 16 17:25:02 2025
!HSI 338.750000 -2.875000 3.812500 0.053333 -0.052222 -0.021111 -0.500000 -0.740000 9.350000 -7.875000 -18.562500 -19.187500 -0.010000 -0.090000 -0.420000 -0.480000 -0.640000 9.770000 
138 Sun Nov 16 17:25:02 2025
!HSI 338.937500 -2.125000 3.562500 0.004444 -0.107778 -0.031111 -0.380000 -0.610000 9.340000 -7.500000 -19.187500 -16.750000 -0.010000 0.000000 -0.430000 -0.370000 -0.610000 9.780000 
139 Sun Nov 16 17:25:02 2025
!HSI 339.250000 -1.375000 3.812500 -0.065556 -0.075556 -0.058889 -0.270000 -0.580000 9.460000 -8.250000 -19.875000 -17.750000 -0.060000 0.030000 -0.290000 -0.230000 -0.660000 9.780000 
140 Sun Nov 16 17:25:02 2025
!HSI 339.812500 -1.125000 4.562500 -0.094444 0.022222 -0.077778 -0.330000 -0.730000 9.620000 -7.875000 -19.562500 -18.062500 -0.130000 0.040000 -0.140000 -0.190000 -0.780000 9.770000 
141 Sun Nov 16 17:25:02 2025
!HSI 340.375000 -1.562500 5.125000 -0.052222 0.071111 -0.065556 -0.410000 -0.860000 9.630000 -8.562500 -18.875000 -18.500000 -0.140000 0.020000 -0.120000 -0.270000 -0.880000 9.760000 
142 Sun Nov 16 17:25:02 2025
!HSI 340.750000 -1.937500 5.312500 0.008889 0.022222 -0.030000 -0.460000 -0.910000 9.500000 -7.750000 -18.062500 -17.875000 -0.120000 0.000000 -0.250000 -0.330000 -0.910000 9.750000 
143 Sun Nov 16 17:25:03 2025
!HSI 340.875000 -1.812500 5.187500 0.022222 -0.051111 -0.015556 -0.420000 -0.820000 9.460000 -6.250000 -18.875000 -19.500000 -0.120000 0.070000 -0.280000 -0.310000 -0.880000 9.760000 
144 Sun Nov 16 17:25:03 2025
!HSI 341.062500 -1.312500 5.062500 0.006667 -0.045556 -0.037778 -0.360000 -0.710000 9.560000 -7.375000 -19.000000 -17.500000 -0.120000 0.150000 -0.190000 -0.230000 -0.870000 9.760000 
145 Sun Nov 16 17:25:03 2025
!HSI 341.500000 -1.250000 5.062500 0.006667 0.040000 -0.066667 -0.350000 -0.800000 9.640000 -7.000000 -19.000000 -18.250000 -0.120000 0.070000 -0.110000 -0.220000 -0.870000 9.760000 
146 Sun Nov 16 17:25:03 2025
!HSI 342.062500 -1.812500 5.000000 0.024444 0.087778 -0.076667 -0.390000 -0.940000 9.540000 -6.750000 -19.687500 -18.000000 -0.070000 -0.090000 -0.220000 -0.320000 -0.850000 9.760000 
147 Sun Nov 16 17:25:03 2025
!HSI 342.687500 -2.375000 4.812500 0.013333 0.046667 -0.060000 -0.450000 -0.940000 9.310000 -6.375000 -19.000000 -18.687500 -0.040000 -0.110000 -0.440000 -0.410000 -0.820000 9.760000 
148 Sun Nov 16 17:25:03 2025
!HSI 343.062500 -2.312500 4.875000 -0.016667 -0.057778 -0.035556 -0.490000 -0.840000 9.310000 -5.687500 -19.687500 -19.187500 -0.100000 0.000000 -0.440000 -0.390000 -0.830000 9.760000 
149 Sun Nov 16 17:25:03 2025
!HSI 343.250000 -1.562500 5.062500 -0.028889 -0.136667 -0.032222 -0.510000 -0.760000 9.400000 -6.875000 -19.062500 -18.687500 -0.250000 0.100000 -0.350000 -0.250000 -0.870000 9.760000 
150 Sun Nov 16 17:25:04 2025
!HSI 343.500000 -0.687500 5.250000 -0.033333 -0.103333 -0.041111 -0.410000 -0.820000 9.570000 -6.375000 -20.000000 -18.375000 -0.290000 0.080000 -0.190000 -0.120000 -0.900000 9.760000 
151 Sun Nov 16 17:25:04 2025
!HSI 343.875000 -0.562500 5.500000 -0.028889 0.022222 -0.056667 -0.330000 -0.900000 9.660000 -6.875000 -18.562500 -18.062500 -0.230000 0.050000 -0.130000 -0.100000 -0.940000 9.760000 
152 Sun Nov 16 17:25:04 2025
!HSI 344.375000 -1.312500 5.625000 -0.008889 0.140000 -0.057778 -0.300000 -0.940000 9.630000 -6.500000 -18.500000 -18.187500 -0.070000 0.020000 -0.110000 -0.230000 -0.970000 9.750000 
153 Sun Nov 16 17:25:04 2025
!HSI 344.812500 -2.187500 5.562500 0.040000 0.091111 -0.048889 -0.350000 326.790000 9.550000 -6.500000 -18.500000 -19.000000 0.030000 0.050000 -0.190000 -0.390000 -0.950000 9.750000 
154 Sun Nov 16 17:25:04 2025
!HSI 345.250000 -2.250000 5.062500 0.087778 -0.062222 -0.054444 -0.380000 -0.810000 9.470000 -5.375000 -19.687500 -18.375000 0.000000 0.040000 -0.280000 -0.380000 -0.860000 9.760000 
155 Sun Nov 16 17:25:04 2025
!HSI 345.687500 -1.375000 4.312500 0.094444 -0.135556 -0.062222 -0.330000 -0.740000 9.430000 -5.250000 -20.062500 -18.000000 -0.120000 -0.040000 -0.340000 -0.220000 -0.730000 9.770000 
156 Sun Nov 16 17:25:04 2025
!HSI 346.125000 -0.500000 3.750000 0.043333 -0.077778 -0.054444 -0.260000 -0.720000 9.360000 -6.500000 -20.875000 -18.062500 -0.170000 -0.070000 -0.410000 -0.090000 -0.640000 9.780000 
157 Sun Nov 16 17:25:05 2025
!HSI 346.500000 -0.437500 3.812500 -0.023333 0.016667 -0.036667 -0.270000 -0.700000 9.380000 -5.500000 -21.187500 -18.750000 -0.190000 -0.040000 -0.400000 -0.080000 -0.650000 9.780000 
158 Sun Nov 16 17:25:05 2025
!HSI 346.937500 -1.187500 4.562500 -0.057778 0.042222 -0.034444 -0.280000 -0.680000 9.580000 -5.500000 -20.000000 -18.750000 -0.070000 0.090000 -0.190000 -0.200000 -0.780000 9.770000 
159 Sun Nov 16 17:25:05 2025
!HSI 347.875000 -1.812500 5.125000 -0.007778 0.040000 -0.076667 -0.370000 -0.790000 9.650000 -4.750000 -20.062500 -19.187500 -0.050000 0.080000 -0.100000 -0.320000 -0.880000 9.760000 
160 Sun Nov 16 17:25:05 2025
!HSI 349.187500 -1.937500 4.437500 0.074444 -0.031111 -0.062222 -0.510000 -0.800000 9.440000 -3.562500 -20.500000 -20.062500 -0.170000 -0.040000 -0.320000 -0.330000 -0.760000 9.770000 
161 Sun Nov 16 17:25:06 2025
!HSI 350.000000 -1.625000 3.937500 -0.030000 0.006667 -0.032222 -0.410000 -0.650000 9.350000 -3.687500 -21.500000 -19.000000 -0.130000 0.020000 -0.420000 -0.280000 -0.670000 9.770000 
162 Sun Nov 16 17:25:06 2025
!HSI 350.750000 -1.562500 5.062500 -0.053333 -0.015556 -0.060000 -0.370000 -0.760000 9.570000 -3.250000 -20.500000 -20.187500 -0.100000 0.090000 -0.200000 -0.260000 -0.870000 9.760000 
163 Sun Nov 16 17:25:06 2025
!HSI 351.937500 -0.750000 4.937500 0.054444 -0.037778 -0.068889 -0.360000 -0.840000 9.610000 -4.062500 -20.500000 -19.000000 -0.230000 0.010000 -0.140000 -0.120000 -0.850000 9.760000 
164 Sun Nov 16 17:25:07 2025
!HSI 352.937500 -1.125000 4.250000 0.018889 0.063333 -0.066667 -0.330000 -0.780000 9.400000 -2.562500 -20.500000 -20.187500 -0.130000 -0.050000 -0.370000 -0.200000 -0.720000 9.770000 
165 Sun Nov 16 17:25:07 2025
!HSI 354.125000 -2.000000 4.750000 -0.052222 0.013333 -0.061111 -0.430000 -0.730000 9.410000 -2.187500 -21.375000 -19.375000 -0.080000 0.080000 -0.350000 -0.350000 -0.820000 9.760000 
166 Sun Nov 16 17:25:07 2025
!HSI 354.875000 -0.937500 5.312500 -0.017778 -0.097778 -0.043333 -0.370000 -0.820000 9.520000 -1.875000 -22.062500 -19.875000 -0.200000 0.080000 -0.230000 -0.170000 -0.910000 9.760000 
167 Sun Nov 16 17:25:08 2025
!HSI 355.750000 -0.750000 5.125000 0.037778 0.051111 -0.070000 -0.280000 -0.860000 9.700000 -2.187500 -20.500000 -20.375000 -0.150000 0.020000 -0.060000 -0.130000 -0.880000 9.760000 
168 Sun Nov 16 17:25:08 2025
!HSI 357.312500 -1.687500 4.250000 0.035556 0.024444 -0.087778 -0.350000 -0.790000 9.330000 -1.062500 -22.062500 -19.250000 -0.050000 -0.060000 -0.440000 -0.290000 -0.720000 9.770000 
169 Sun Nov 16 17:25:08 2025
!HSI 358.562500 -1.125000 4.750000 -0.058889 -0.082222 -0.038889 -0.410000 -0.770000 9.450000 -0.500000 -22.187500 -19.750000 -0.210000 0.050000 -0.310000 -0.190000 -0.820000 9.770000 
170 Sun Nov 16 17:25:09 2025
!HSI 359.187500 -0.562500 5.500000 -0.023333 0.036667 -0.064444 -0.220000 -0.840000 9.700000 0.000000 -21.062500 -20.750000 -0.110000 0.100000 -0.050000 -0.100000 -0.940000 9.760000 
171 Sun Nov 16 17:25:09 2025
!HSI 0.625000 -1.500000 5.187500 0.062222 0.046667 -0.087778 -0.370000 -0.930000 9.470000 0.687500 -21.687500 -20.750000 -0.110000 -0.040000 -0.280000 -0.250000 -0.890000 9.760000 
172 Sun Nov 16 17:25:09 2025
!HSI 1.812500 -1.437500 4.250000 0.034444 -0.044444 -0.050000 -0.370000 -0.790000 9.240000 1.250000 -22.187500 -22.375000 -0.120000 -0.060000 -0.530000 -0.250000 -0.730000 9.770000 
173 Sun Nov 16 17:25:10 2025
!HSI 2.437500 -1.312500 4.875000 -0.070000 0.015556 -0.045556 -0.340000 -0.730000 9.650000 1.687500 -21.750000 -21.750000 -0.120000 0.100000 -0.110000 -0.220000 -0.840000 9.760000 
174 Sun Nov 16 17:25:10 2025
!HSI 3.500000 -1.750000 5.562500 -0.008889 0.052222 -0.090000 -0.450000 -0.950000 9.620000 2.375000 -21.562500 -22.000000 -0.140000 0.000000 -0.130000 -0.300000 -0.950000 9.750000 
175 Sun Nov 16 17:25:10 2025
!HSI 4.875000 -2.187500 5.187500 0.048889 -0.012222 -0.044444 -0.570000 -0.860000 9.380000 4.250000 -21.250000 -21.250000 -0.200000 0.020000 -0.370000 -0.370000 -0.890000 9.750000 
176 Sun Nov 16 17:25:10 2025
!HSI 5.562500 -2.062500 4.562500 0.002222 0.012222 -0.054444 -0.400000 -0.730000 9.460000 3.875000 -22.687500 -21.875000 -0.040000 0.040000 -0.300000 -0.360000 -0.780000 9.760000 
177 Sun Nov 16 17:25:11 2025
!HSI 6.937500 -1.812500 4.750000 0.005556 -0.051111 -0.090000 -0.550000 -0.860000 9.610000 4.250000 -22.750000 -20.687500 -0.240000 -0.030000 -0.150000 -0.300000 -0.820000 9.760000 
178 Sun Nov 16 17:25:11 2025
!HSI 7.937500 -1.437500 4.375000 0.047778 -0.002222 -0.027778 -0.480000 -0.740000 9.520000 4.875000 -22.687500 -22.250000 -0.230000 0.000000 -0.250000 -0.250000 -0.750000 9.770000 
179 Sun Nov 16 17:25:11 2025
!HSI 8.562500 -2.562500 4.125000 -0.042222 0.085556 -0.072222 -0.390000 -0.600000 9.430000 4.500000 -22.375000 -21.500000 0.050000 0.100000 -0.330000 -0.450000 -0.710000 9.770000 
180 Sun Nov 16 17:25:12 2025
!HSI 10.125000 -2.687500 4.875000 -0.004444 -0.090000 -0.090000 -0.620000 -0.850000 9.490000 6.187500 -22.500000 -22.187500 -0.160000 -0.020000 -0.260000 -0.450000 -0.830000 9.760000 
181 Sun Nov 16 17:25:12 2025
!HSI 10.750000 -0.937500 4.562500 0.018889 -0.091111 -0.005556 -0.450000 -0.780000 9.570000 4.250000 -21.750000 -22.250000 -0.280000 0.000000 -0.190000 -0.160000 -0.780000 9.770000 
182 Sun Nov 16 17:25:12 2025
!HSI 11.062500 -1.937500 4.875000 -0.047778 0.141111 -0.058889 -0.310000 -0.750000 9.590000 5.562500 -23.062500 -23.562500 0.030000 0.090000 -0.160000 -0.340000 -0.840000 9.760000 
183 Sun Nov 16 17:25:13 2025
!HSI 12.437500 -2.437500 5.187500 0.032222 -0.085556 -0.073333 -0.500000 -0.860000 9.430000 7.250000 -22.375000 -22.250000 -0.090000 0.020000 -0.310000 -0.410000 -0.890000 9.750000 
184 Sun Nov 16 17:25:13 2025
!HSI 13.125000 -0.812500 4.375000 0.034444 -0.045556 -0.028889 -0.300000 -0.790000 9.420000 6.250000 -23.500000 -23.187500 -0.160000 -0.050000 -0.350000 -0.140000 -0.740000 9.770000 
185 Sun Nov 16 17:25:13 2025
!HSI 13.812500 -1.250000 4.687500 -0.064444 0.072222 -0.053333 -0.350000 -0.720000 9.560000 6.250000 -23.062500 -23.750000 -0.120000 0.090000 -0.200000 -0.220000 -0.810000 9.760000 
186 Sun Nov 16 17:25:13 2025
!HSI 14.250000 -1.875000 5.187500 -0.050000 0.060000 -0.054444 -0.480000 -0.790000 9.590000 7.750000 -22.000000 -23.250000 -0.150000 0.060000 -0.160000 -0.320000 -0.890000 9.760000 
187 Sun Nov 16 17:25:14 2025
!HSI 14.625000 -2.125000 5.375000 0.008889 0.010000 -0.043333 -0.480000 -0.830000 9.600000 7.250000 -22.000000 -24.750000 -0.110000 0.080000 -0.150000 -0.370000 -0.910000 9.750000 
188 Sun Nov 16 17:25:14 2025
!HSI 15.000000 -2.125000 5.125000 0.042222 0.000000 -0.042222 -0.460000 -0.830000 9.550000 8.187500 -22.500000 -23.375000 -0.090000 0.040000 -0.200000 -0.370000 -0.870000 9.760000 
189 Sun Nov 16 17:25:14 2025
!HSI 15.312500 -2.187500 4.812500 0.032222 0.017778 -0.041111 -0.440000 -0.810000 9.440000 8.500000 -22.562500 -23.375000 -0.060000 0.010000 -0.310000 -0.370000 -0.820000 9.760000 
190 Sun Nov 16 17:25:14 2025
!HSI 15.687500 -2.375000 4.750000 0.001111 0.024444 -0.044444 -0.380000 -0.770000 9.420000 7.375000 -21.500000 -23.875000 0.020000 0.040000 -0.340000 -0.400000 -0.810000 9.760000 
191 Sun Nov 16 17:25:14 2025
!HSI 16.062500 -2.375000 4.812500 -0.017778 -0.004444 -0.050000 -0.440000 -0.760000 9.440000 8.187500 -22.875000 -24.187500 -0.020000 0.060000 -0.310000 -0.410000 -0.820000 9.760000 
192 Sun Nov 16 17:25:14 2025
!HSI 16.437500 -2.125000 4.875000 -0.006667 -0.053333 -0.047778 -0.510000 -0.790000 9.550000 8.750000 -22.500000 -23.875000 -0.140000 0.030000 -0.230000 -0.350000 -0.840000 9.760000 
193 Sun Nov 16 17:25:14 2025
!HSI 16.812500 -1.562500 4.812500 0.024444 -0.071111 -0.038889 -0.490000 -0.820000 9.580000 8.062500 -21.875000 -24.562500 -0.220000 0.000000 -0.180000 -0.270000 -0.830000 9.760000 
194 Sun Nov 16 17:25:15 2025
!HSI 17.062500 -1.187500 4.625000 0.027778 -0.032222 -0.037778 -0.410000 -0.840000 9.560000 7.250000 -22.187500 -23.375000 -0.200000 -0.040000 -0.200000 -0.210000 -0.790000 9.770000 
195 Sun Nov 16 17:25:15 2025
!HSI 17.375000 -1.187500 4.500000 0.007778 0.005556 -0.035556 -0.360000 -0.780000 9.460000 7.687500 -22.500000 -24.687500 -0.150000 0.010000 -0.300000 -0.200000 -0.770000 9.770000 
196 Sun Nov 16 17:25:15 2025
!HSI 17.687500 -1.375000 4.562500 -0.013333 0.025556 -0.036667 -0.330000 -0.720000 9.430000 9.250000 -22.500000 -24.000000 -0.090000 0.050000 -0.330000 -0.240000 -0.780000 9.770000 
197 Sun Nov 16 17:25:15 2025
!HSI 17.937500 -1.562500 4.625000 -0.012222 0.016667 -0.038889 -0.330000 -0.730000 9.440000 8.875000 -22.062500 -23.500000 -0.050000 0.060000 -0.320000 -0.270000 -0.800000 9.770000 
198 Sun Nov 16 17:25:15 2025
!HSI 18.312500 -1.625000 4.750000 -0.012222 0.013333 -0.043333 -0.320000 -0.810000 9.480000 9.250000 -22.187500 -24.250000 -0.030000 0.000000 -0.280000 -0.280000 -0.810000 9.760000 
199 Sun Nov 16 17:25:15 2025
!HSI 18.625000 -1.687500 4.875000 -0.023333 0.014444 -0.046667 -0.330000 -0.820000 9.530000 9.687500 -23.250000 -24.687500 -0.040000 0.010000 -0.220000 -0.290000 -0.840000 9.760000 
200 Sun Nov 16 17:25:15 2025
!HSI 19.062500 -1.687500 5.125000 -0.026667 0.007778 -0.051111 -0.370000 -0.820000 9.560000 9.875000 -22.187500 -24.687500 -0.070000 0.040000 -0.190000 -0.290000 -0.870000 9.760000 
201 Sun Nov 16 17:25:16 2025
!HSI 19.187500 -1.625000 5.125000 0.022222 -0.030000 0.015556 -0.450000 -0.850000 9.550000 9.875000 -21.062500 -25.062500 -0.150000 0.030000 -0.210000 -0.280000 -0.870000 9.760000 
202 Sun Nov 16 17:25:16 2025
!HSI 18.937500 -1.375000 4.750000 0.070000 -0.062222 0.034444 -0.440000 -0.840000 9.540000 9.875000 -21.500000 -24.000000 -0.190000 -0.020000 -0.220000 -0.240000 -0.810000 9.760000 
203 Sun Nov 16 17:25:16 2025
!HSI 18.687500 -0.937500 4.125000 0.085556 -0.062222 0.028889 -0.330000 -0.770000 9.480000 9.562500 -22.187500 -24.687500 -0.160000 -0.060000 -0.290000 -0.160000 -0.700000 9.770000 
204 Sun Nov 16 17:25:16 2025
!HSI 18.562500 -0.750000 3.625000 0.047778 -0.006667 0.002222 -0.300000 -0.720000 9.430000 9.875000 -22.562500 -24.687500 -0.160000 -0.100000 -0.340000 -0.130000 -0.620000 9.780000 
205 Sun Nov 16 17:25:16 2025
!HSI 18.562500 -1.062500 3.562500 -0.007778 0.047778 -0.005556 -0.360000 -0.770000 9.410000 10.187500 -21.875000 -26.187500 -0.170000 -0.150000 -0.370000 -0.190000 -0.620000 9.780000 
206 Sun Nov 16 17:25:16 2025
!HSI 18.562500 -1.625000 3.875000 -0.021111 0.053333 0.005556 -0.470000 -0.820000 9.490000 10.187500 -22.062500 -24.062500 -0.180000 -0.150000 -0.280000 -0.290000 -0.660000 9.770000 
207 Sun Nov 16 17:25:16 2025
!HSI 18.500000 -2.062500 4.062500 -0.002222 0.025556 0.023333 -0.460000 -0.820000 9.520000 11.000000 -22.062500 -24.875000 -0.110000 -0.120000 -0.250000 -0.350000 -0.690000 9.770000 
208 Sun Nov 16 17:25:17 2025
!HSI 18.312500 -2.250000 4.062500 0.017778 0.011111 0.020000 -0.420000 -0.830000 9.550000 10.562500 -20.562500 -25.750000 -0.020000 -0.130000 -0.220000 -0.390000 -0.700000 9.770000 
209 Sun Nov 16 17:25:17 2025
!HSI 18.187500 -2.250000 3.937500 0.030000 -0.018889 0.010000 -0.410000 -0.790000 9.520000 11.687500 -21.750000 -25.375000 -0.020000 -0.110000 -0.240000 -0.390000 -0.670000 9.770000 
210 Sun Nov 16 17:25:17 2025
!HSI 18.187500 -1.875000 3.750000 0.043333 -0.084444 0.001111 -0.430000 -0.780000 9.470000 11.375000 -21.250000 -25.000000 -0.100000 -0.140000 -0.300000 -0.320000 -0.640000 9.780000 
211 Sun Nov 16 17:25:17 2025
!HSI 18.125000 -1.187500 3.562500 0.056667 -0.130000 0.011111 -0.480000 -0.790000 9.470000 11.687500 -21.687500 -25.250000 -0.280000 -0.190000 -0.310000 -0.200000 -0.600000 9.780000 
212 Sun Nov 16 17:25:17 2025
!HSI 17.937500 -0.625000 3.312500 0.054444 -0.083333 0.027778 -0.390000 -0.800000 9.520000 11.000000 -21.687500 -25.687500 -0.280000 -0.220000 -0.260000 -0.100000 -0.570000 9.780000 
213 Sun Nov 16 17:25:17 2025
!HSI 17.812500 -0.750000 3.250000 0.024444 0.063333 0.012222 -0.260000 -0.780000 9.580000 10.000000 -21.562500 -25.875000 -0.110000 -0.210000 -0.210000 -0.140000 -0.560000 9.780000 
214 Sun Nov 16 17:25:17 2025
!HSI 17.812500 -1.812500 3.375000 -0.005556 0.148889 -0.001111 -0.300000 -0.780000 9.500000 12.250000 -21.187500 -25.062500 0.000000 -0.200000 -0.270000 -0.310000 -0.580000 9.780000 
215 Sun Nov 16 17:25:18 2025
!HSI 17.812500 -2.625000 3.500000 0.003333 0.050000 0.004444 -0.390000 -0.820000 9.390000 12.500000 -22.187500 -17.875000 0.060000 -0.210000 -0.380000 -0.450000 -0.600000 9.770000 
216 Sun Nov 16 17:25:18 2025
!HSI 17.750000 -2.250000 3.562500 0.026667 -0.114444 0.017778 -0.430000 -0.810000 9.400000 13.250000 -21.750000 -25.562500 -0.040000 -0.200000 -0.370000 -0.390000 -0.610000 9.770000 
217 Sun Nov 16 17:25:18 2025
!HSI 17.562500 -1.187500 3.437500 0.037778 -0.154444 0.025556 -0.330000 -0.770000 9.470000 12.500000 -21.500000 -25.250000 -0.140000 -0.180000 -0.310000 -0.190000 -0.590000 9.780000 
218 Sun Nov 16 17:25:18 2025
!HSI 17.312500 -8.437500 3.375000 0.026667 -0.066667 0.013333 -0.260000 -0.780000 9.530000 11.500000 -21.500000 -27.187500 -0.190000 -0.200000 -0.250000 -0.070000 -0.570000 9.780000 
219 Sun Nov 16 17:25:18 2025
!HSI 17.250000 -0.500000 3.437500 0.015556 0.030000 0.011111 -0.270000 -0.810000 9.520000 11.500000 -20.562500 -27.062500 -0.180000 -0.220000 -0.250000 -0.090000 -0.580000 -317.900000 
220 Sun Nov 16 17:25:18 2025
!HSI 17.250000 -1.062500 3.437500 0.032222 0.057778 0.010000 -0.310000 -0.790000 9.490000 12.500000 -21.000000 -25.750000 -0.120000 -0.200000 -0.290000 -0.190000 -0.590000 9.780000 
221 Sun Nov 16 17:25:19 2025
!HSI 17.187500 -1.625000 3.375000 0.040000 0.061111 0.011111 -0.360000 -0.790000 9.500000 12.875000 -22.062500 -26.062500 -0.070000 -0.210000 -0.290000 -0.280000 -0.570000 9.780000 
222 Sun Nov 16 17:25:19 2025
!HSI 17.187500 -2.125000 3.250000 0.031111 0.057778 0.008889 -0.410000 -0.800000 9.540000 14.000000 -20.875000 -26.562500 -0.040000 -0.240000 -0.230000 -0.370000 -0.550000 9.780000 
223 Sun Nov 16 17:25:19 2025
!HSI 17.125000 -2.500000 3.250000 0.021111 0.022222 0.016667 -0.430000 -0.810000 9.530000 13.687500 -21.562500 -25.875000 0.000000 -0.250000 -0.240000 -0.430000 -0.560000 9.780000 
224 Sun Nov 16 17:25:19 2025
!HSI 16.937500 -2.375000 3.312500 0.018889 -0.056667 0.021111 -0.430000 -0.790000 9.490000 15.062500 -20.062500 -27.062500 -0.010000 -0.220000 -0.290000 -0.410000 -0.560000 9.780000 
225 Sun Nov 16 17:25:19 2025
!HSI 16.812500 -1.812500 3.312500 0.025556 -0.103333 0.018889 -0.400000 -0.780000 9.440000 14.250000 -20.375000 -26.187500 -0.100000 -0.220000 -0.300000 -0.300000 -0.570000 9.780000 
226 Sun Nov 16 17:25:19 2025
!HSI 16.687500 -1.187500 3.312500 0.031111 -0.077778 0.007778 -0.370000 -0.780000 9.500000 14.562500 -20.687500 -27.000000 -0.170000 -0.210000 -0.280000 -0.200000 -0.560000 9.780000 
227 Sun Nov 16 17:25:19 2025
!HSI 16.687500 -1.125000 3.312500 0.021111 0.008889 0.000000 -0.360000 -0.780000 9.500000 13.562500 -19.875000 -27.687500 -0.170000 -0.210000 -0.270000 -0.190000 -0.570000 9.780000 
228 Sun Nov 16 17:25:20 2025
!HSI 16.687500 -1.687500 3.437500 0.012222 0.074444 0.000000 -0.450000 -0.800000 9.490000 14.562500 -19.750000 -27.250000 -0.160000 -0.210000 -0.280000 -0.300000 -0.590000 9.780000 
229 Sun Nov 16 17:25:20 2025
!HSI 16.687500 -2.375000 3.500000 0.015556 0.062222 0.012222 -0.490000 -0.830000 9.500000 14.250000 -20.562500 -27.500000 -0.080000 -0.220000 -0.270000 -0.410000 -0.600000 9.770000 
230 Sun Nov 16 17:25:20 2025
!HSI 16.500000 -2.687500 3.562500 0.028889 -0.001111 0.032222 -0.490000 -0.840000 9.500000 15.375000 -20.187500 -26.750000 -0.030000 -0.230000 -0.270000 -0.460000 -0.600000 9.770000 
231 Sun Nov 16 17:25:20 2025
!HSI 16.000000 -1.937500 3.312500 0.027778 -0.077778 0.022222 -0.360000 -0.780000 9.500000 15.687500 -19.375000 -27.187500 -0.020000 -0.200000 -0.240000 -0.330000 -0.570000 9.780000 
232 Sun Nov 16 17:25:20 2025
!HSI 16.000000 -1.625000 3.562500 0.016667 0.022222 -0.011111 -0.400000 -0.840000 9.610000 14.500000 -20.062500 -27.500000 -0.120000 -0.230000 -0.160000 -0.280000 -0.610000 9.780000 
233 Sun Nov 16 17:25:21 2025
!HSI 16.000000 -2.062500 3.312500 0.052222 -0.015556 0.000000 -0.440000 -0.810000 9.410000 15.000000 -19.250000 -27.375000 -0.070000 -0.240000 -0.360000 -0.360000 -0.560000 9.780000 
234 Sun Nov 16 17:25:21 2025
!HSI 15.937500 -1.187500 3.000000 0.051111 -0.078889 0.006667 -0.420000 -0.750000 9.410000 15.687500 -19.875000 -27.562500 -0.210000 -0.230000 -0.370000 -0.200000 -0.510000 9.790000 
235 Sun Nov 16 17:25:21 2025
!HSI 16.125000 -2.125000 3.375000 -0.043333 0.137778 -0.023333 -0.370000 -0.730000 9.560000 16.750000 -18.500000 -27.375000 0.000000 -0.150000 -0.210000 -0.370000 -0.580000 9.780000 
236 Sun Nov 16 17:25:22 2025
!HSI 16.500000 -2.562500 3.500000 0.090000 -0.125556 -0.014444 -0.480000 -0.850000 9.560000 18.187500 -18.500000 -27.562500 -0.060000 -0.250000 -0.210000 -0.420000 -0.590000 9.770000 
237 Sun Nov 16 17:25:22 2025
!HSI 16.875000 -1.125000 2.687500 0.040000 -0.004444 -0.040000 -0.330000 -0.700000 9.490000 17.562500 -19.875000 -29.562500 -0.130000 -0.250000 -0.260000 -0.190000 -0.460000 9.790000 
238 Sun Nov 16 17:25:22 2025
!HSI 17.750000 -1.812500 2.875000 0.020000 -0.003333 -0.047778 -0.480000 -0.700000 9.380000 18.000000 -18.375000 -28.750000 -0.160000 -0.200000 -0.400000 -0.320000 -0.490000 9.780000 
239 Sun Nov 16 17:25:23 2025
!HSI 18.312500 -1.750000 3.062500 0.018889 0.000000 -0.028889 -0.410000 -0.740000 9.530000 18.062500 -17.250000 -29.187500 -0.100000 -0.210000 -0.250000 -0.300000 -0.520000 9.780000 
240 Sun Nov 16 17:25:23 2025
!HSI 19.250000 -2.312500 2.687500 0.065556 0.022222 -0.076667 -0.470000 -0.750000 9.520000 19.687500 -18.062500 -29.875000 -0.070000 -0.280000 -0.260000 -0.400000 -0.460000 9.780000 
241 Sun Nov 16 17:25:23 2025
!HSI 20.562500 -2.500000 3.125000 -0.034444 -0.042222 -0.045556 -0.620000 -0.690000 9.490000 21.500000 -17.500000 -30.375000 -0.190000 -0.150000 -0.290000 -0.430000 -0.540000 9.780000 
242 Sun Nov 16 17:25:24 2025
!HSI -2026.812500 -1.500000 3.187500 0.063333 -0.054444 -0.051111 -0.460000 -0.700000 9.510000 21.375000 -16.187500 -30.187500 -0.200000 -0.150000 -0.260000 -0.260000 -0.550000 9.780000 
243 Sun Nov 16 17:25:24 2025
!HSI 21.875000 -1.812500 2.750000 0.066667 0.066667 -0.074444 -0.490000 -0.730000 9.520000 21.687500 -17.250000 -30.562500 -0.170000 -0.250000 -0.260000 -0.320000 -0.470000 9.780000 
244 Sun Nov 16 17:25:24 2025
!HSI 23.062500 -3.500000 3.000000 -0.004444 0.043333 -0.052222 -0.580000 -0.750000 9.490000 21.375000 -17.250000 -12.500000 0.010000 -0.230000 -0.280000 -0.590000 -0.510000 9.770000 
245 Sun Nov 16 17:25:24 2025
!HSI 23.750000 -1.875000 3.125000 0.056667 -0.220000 -0.038889 -0.560000 -0.750000 9.460000 20.562500 -16.500000 -13.562500 -0.250000 -0.220000 -0.320000 -0.300000 -0.530000 9.780000 
246 Sun Nov 16 17:25:25 2025
!HSI 24.312500 -0.312500 2.875000 0.003333 0.022222 -0.042222 -0.350000 -0.680000 9.430000 19.375000 -16.375000 -16.000000 -0.280000 -0.180000 -0.350000 -0.060000 -0.500000 9.790000 
247 Sun Nov 16 17:25:25 2025
!HSI 25.125000 -2.687500 3.625000 -0.012222 0.264444 -0.040000 -0.430000 -0.800000 9.580000 22.250000 -15.000000 -16.062500 0.040000 -0.180000 -0.190000 -0.470000 -0.620000 9.770000 
248 Sun Nov 16 17:25:25 2025
!HSI 25.750000 -2.250000 3.250000 0.080000 -0.148889 -0.017778 -0.490000 -0.840000 9.530000 23.687500 -15.000000 -17.000000 -0.120000 -0.280000 -0.240000 -0.370000 -0.550000 9.780000 
249 Sun Nov 16 17:25:26 2025
!HSI 25.875000 -0.562500 2.875000 0.013333 -0.033333 -0.022222 -0.350000 -0.720000 9.370000 22.687500 -15.250000 -19.000000 -0.250000 -0.230000 -0.420000 -0.100000 -0.490000 9.790000 
250 Sun Nov 16 17:25:26 2025
!HSI 26.312500 -1.812500 3.375000 0.002222 0.107778 -0.017778 -0.450000 -0.780000 9.450000 23.750000 -14.187500 -20.500000 -0.130000 -0.200000 -0.320000 -0.310000 -0.570000 9.780000 
251 Sun Nov 16 17:25:26 2025
!HSI 26.687500 -3.187500 11.250000 0.040000 0.002222 -0.018889 -0.490000 -0.780000 9.510000 26.500000 -13.750000 -20.250000 0.050000 -0.220000 -0.260000 -0.550000 -0.560000 9.770000 
252 Sun Nov 16 17:25:27 2025
!HSI 26.750000 -1.375000 3.000000 0.034444 -0.078889 -0.077778 -0.270000 -0.710000 9.840000 25.687500 -15.062500 -20.375000 -0.030000 -0.190000 0.050000 -0.230000 -0.520000 9.780000 
253 Sun Nov 16 17:25:27 2025
!HSI 27.750000 -1.125000 3.125000 0.006667 0.041111 -0.066667 -0.340000 -0.730000 9.530000 25.250000 -12.562500 -20.500000 -0.150000 -0.190000 -0.250000 -0.190000 -0.540000 9.780000 
254 Sun Nov 16 17:25:27 2025
!HSI 28.937500 -2.187500 3.125000 0.055556 0.021111 -0.058889 -0.470000 -0.780000 9.490000 27.187500 -11.562500 -21.250000 -0.090000 -0.240000 -0.290000 -0.380000 -0.530000 9.780000 
255 Sun Nov 16 17:25:27 2025
!HSI 29.500000 -1.375000 2.750000 0.053333 -0.127778 -0.004444 -0.490000 -0.740000 9.410000 26.750000 -11.187500 -21.562500 -0.250000 -0.270000 -0.370000 -0.230000 -0.470000 9.790000 
256 Sun Nov 16 17:25:28 2025
!HSI 29.500000 -1.250000 3.125000 -0.044444 0.092222 -0.017778 -0.330000 -0.700000 9.550000 26.687500 -10.875000 -22.375000 -0.100000 -0.150000 -0.230000 -0.220000 -0.540000 9.780000 
257 Sun Nov 16 17:25:28 2025
!HSI 29.750000 -2.875000 3.875000 0.043333 -0.016667 0.010000 -0.470000 -0.850000 9.610000 27.750000 -9.687500 -22.000000 0.010000 -0.180000 -0.160000 -0.490000 -0.660000 9.770000 
258 Sun Nov 16 17:25:28 2025
!HSI 29.250000 -1.062500 2.687500 0.098889 -0.158889 0.032222 -0.420000 -0.750000 9.440000 25.500000 -12.250000 -23.250000 -0.230000 -0.280000 -0.350000 -0.170000 -0.460000 9.790000 
259 Sun Nov 16 17:25:29 2025
!HSI 28.875000 -1.250000 3.125000 -0.046667 0.128889 0.017778 -0.320000 -0.680000 9.440000 26.500000 -10.687500 -25.187500 -0.090000 -0.140000 -0.340000 -0.230000 -0.540000 9.780000 
260 Sun Nov 16 17:25:29 2025
!HSI 28.312500 -3.187500 3.250000 0.037778 0.028889 0.055556 -0.530000 -0.770000 9.370000 28.562500 -10.375000 -24.375000 0.020000 -0.220000 -0.390000 -0.550000 -0.550000 9.770000 
261 Sun Nov 16 17:25:29 2025
!HSI 27.375000 -2.062500 3.250000 0.027778 -0.141111 0.060000 -0.450000 -0.840000 9.570000 28.187500 -10.687500 -24.375000 -0.100000 -0.280000 -0.210000 -0.340000 -0.560000 9.780000 
262 Sun Nov 16 17:25:30 2025
!HSI 25.812500 -1.062500 3.500000 0.092222 0.004444 0.107778 -0.240000 -0.810000 9.630000 26.250000 -11.562500 -25.187500 -0.050000 -0.210000 -0.140000 -0.190000 -0.600000 9.780000 
263 Sun Nov 16 17:25:30 2025
!HSI 23.500000 -1.562500 1.187500 0.188889 -0.037778 0.178889 -0.220000 -0.600000 9.260000 26.062500 -13.500000 -24.187500 0.050000 -0.390000 -0.530000 -0.270000 -0.200000 9.800000 
264 Sun Nov 16 17:25:30 2025
!HSI 20.312500 -0.250000 0.562500 -0.001111 -0.060000 0.178889 -0.050000 -0.270000 9.490000 24.562500 -16.875000 -22.687500 0.000000 -0.160000 -0.310000 -0.040000 -0.100000 9.800000 
265 Sun Nov 16 17:25:31 2025
!HSI 17.937500 -0.312500 1.062500 0.008889 0.026667 0.128889 0.030000 -0.210000 9.550000 24.062500 -15.000000 -22.000000 0.090000 -0.020000 -0.250000 -0.050000 -0.180000 9.800000 
266 Sun Nov 16 17:25:31 2025
!HSI 16.187500 0.000000 0.000000 0.084444 -0.062222 0.078889 0.010000 -0.020000 9.290000 22.687500 -15.375000 -21.500000 0.010000 -0.040000 -0.500000 0.000000 0.010000 9.800000 
267 Sun Nov 16 17:25:31 2025
!HSI 14.875000 0.750000 -0.062500 -0.031111 -0.024444 0.098889 -0.010000 -0.170000 9.480000 21.000000 -14.750000 -18.875000 -0.140000 -0.190000 -0.320000 0.130000 0.010000 9.800000 
268 Sun Nov 16 17:25:31 2025
!HSI 13.250000 0.125000 0.125000 0.034444 0.070000 0.086667 0.000000 -0.250000 9.460000 21.500000 -13.875000 -20.375000 -0.020000 -0.230000 -0.340000 0.010000 -0.020000 9.800000 
269 Sun Nov 16 17:25:32 2025
!HSI 12.375000 -0.812500 0.062500 0.015556 0.033333 0.047778 -0.080000 -0.320000 9.470000 22.250000 -13.750000 -17.375000 0.060000 -0.300000 -0.320000 -0.140000 -0.010000 9.800000 
270 Sun Nov 16 17:25:32 2025
!HSI 12.000000 -0.812500 0.250000 0.004444 -0.013333 0.051111 -0.090000 -0.280000 9.550000 23.000000 -13.250000 -17.062500 0.050000 -0.230000 -0.240000 -0.140000 -0.040000 9.800000 
271 Sun Nov 16 17:25:32 2025
!HSI 11.562500 -0.437500 0.125000 0.051111 -0.076667 0.048889 -0.070000 -0.150000 9.660000 22.187500 -13.187500 -16.375000 0.010000 -0.130000 -0.140000 -0.080000 -0.020000 9.800000 
272 Sun Nov 16 17:25:32 2025
!HSI 11.250000 0.187500 -0.500000 0.127778 -0.105556 0.032222 -0.050000 0.030000 9.580000 22.375000 -13.062500 -16.375000 -0.100000 -0.060000 -0.210000 0.040000 0.100000 9.800000 
273 Sun Nov 16 17:25:32 2025
!HSI 11.000000 1.000000 -1.750000 0.187778 -0.087778 0.021111 0.000000 0.180000 9.440000 21.875000 -14.500000 -15.562500 -0.180000 -0.120000 -0.350000 0.170000 0.300000 9.800000 
274 Sun Nov 16 17:25:32 2025
!HSI 10.812500 1.375000 -3.250000 0.241111 -0.057778 0.033333 0.050000 0.230000 9.300000 20.000000 -14.250000 -17.250000 -0.180000 -0.330000 -0.470000 0.240000 0.570000 9.780000 
275 Sun Nov 16 17:25:33 2025
!HSI 10.562500 1.500000 -4.750000 0.214444 0.005556 0.020000 0.110000 0.540000 9.130000 20.375000 -17.250000 -16.062500 -0.110000 -0.290000 -0.650000 0.250000 0.830000 9.760000 
276 Sun Nov 16 17:25:33 2025
!HSI 10.625000 0.937500 -5.812500 0.093333 0.105556 -0.046667 0.080000 0.640000 9.050000 20.000000 -18.687500 -16.375000 -0.070000 -0.350000 -0.690000 0.160000 0.990000 9.750000 
277 Sun Nov 16 17:25:33 2025
!HSI 11.062500 -0.062500 -5.875000 0.000000 0.125556 -0.071111 -0.120000 0.780000 9.240000 20.750000 -19.062500 -14.875000 -0.090000 -0.220000 -0.510000 -0.030000 1.000000 9.750000 
278 Sun Nov 16 17:25:33 2025
!HSI 11.562500 -0.875000 -5.875000 0.033333 0.030000 -0.054444 -0.250000 0.880000 9.340000 22.250000 -18.062500 -14.687500 -0.100000 -0.130000 -0.450000 -0.150000 1.000000 9.750000 
279 Sun Nov 16 17:25:33 2025
!HSI 11.875000 -0.875000 -6.312500 -36.318889 -0.046667 -0.034444 -0.280000 0.960000 9.380000 23.000000 -18.062500 -14.875000 -0.130000 -0.110000 -0.360000 -0.150000 1.080000 9.740000 
280 Sun Nov 16 17:25:33 2025
!HSI 12.312500 -0.687500 -7.062500 0.117778 -0.027778 -0.062222 -0.270000 0.970000 9.340000 23.062500 -18.562500 -15.062500 -0.150000 -0.230000 -0.380000 -0.120000 1.220000 9.720000 
281 Sun Nov 16 17:25:33 2025
!HSI 13.062500 -0.875000 -7.812500 0.113333 0.024444 -0.127778 -0.380000 1.100000 9.260000 23.562500 -18.687500 -13.875000 -0.220000 -0.240000 -0.440000 -0.160000 1.350000 9.710000 
282 Sun Nov 16 17:25:34 2025
!HSI 14.250000 -1.625000 -8.437500 0.090000 0.046667 -0.160000 -0.490000 1.150000 9.200000 24.250000 -18.375000 -13.000000 -0.210000 -0.280000 -0.480000 -0.270000 1.440000 9.690000 
283 Sun Nov 16 17:25:34 2025
!HSI 15.562500 -2.250000 -8.812500 0.084444 0.003333 -0.176667 -0.590000 1.130000 9.080000 24.687500 -18.375000 -12.687500 -0.200000 -0.370000 -0.590000 -0.390000 1.500000 9.680000 
284 Sun Nov 16 17:25:34 2025
!HSI 17.062500 -2.687500 -8.937500 0.054444 -0.026667 -0.167778 -0.690000 1.140000 9.020000 25.062500 -17.687500 -12.750000 -0.230000 -0.360000 -0.630000 -0.460000 1.530000 9.670000 
285 Sun Nov 16 17:25:34 2025
!HSI 18.375000 -3.125000 -8.625000 -0.022222 -0.004444 -0.134444 -0.840000 1.050000 9.050000 25.250000 -18.000000 -13.000000 -0.300000 -0.410000 -0.620000 -0.540000 1.470000 9.680000 
286 Sun Nov 16 17:25:34 2025
!HSI 19.250000 -3.937500 -7.625000 -0.106667 0.061111 -0.086667 -0.950000 0.980000 9.200000 25.562500 -16.500000 -11.875000 -0.270000 -0.310000 -0.480000 -0.680000 1.290000 9.690000 
287 Sun Nov 16 17:25:34 2025
!HSI 19.750000 -4.875000 -6.312500 -0.134444 0.070000 -0.063333 -1.020000 0.840000 9.400000 27.250000 -14.875000 -12.187500 -0.190000 -0.230000 -0.300000 -0.840000 1.060000 9.710000 
288 Sun Nov 16 17:25:34 2025
!HSI 20.187500 -5.500000 -5.187500 -0.104444 0.035556 -0.048889 -1.160000 0.700000 9.460000 28.250000 -13.687500 -11.750000 -0.210000 -0.170000 -0.250000 -0.940000 0.880000 9.720000 
289 Sun Nov 16 17:25:35 2025
!HSI 20.375000 -5.812500 -4.375000 -0.065556 0.007778 0.004444 -1.180000 0.430000 9.420000 29.000000 -11.750000 -12.187500 -0.180000 -0.300000 -0.300000 -1.000000 0.740000 9.720000 
290 Sun Nov 16 17:25:35 2025
!HSI 20.187500 -5.937500 -3.750000 -0.036667 -0.030000 0.038889 -1.120000 0.340000 9.290000 28.187500 -11.187500 -12.250000 -0.100000 -0.290000 -0.430000 -1.010000 0.640000 9.730000 
291 Sun Nov 16 17:25:35 2025
!HSI 19.875000 -5.687500 -3.375000 -0.023333 -0.062222 0.046667 -1.100000 0.270000 9.250000 29.062500 -10.750000 -13.500000 -0.120000 -0.290000 -0.490000 -0.970000 0.570000 9.740000 
292 Sun Nov 16 17:25:35 2025
!HSI 19.500000 -5.250000 -2.937500 -0.016667 -0.087778 0.054444 -1.050000 0.220000 9.330000 27.875000 -10.375000 -13.250000 -0.150000 -0.280000 -0.410000 -0.900000 0.500000 9.750000 
293 Sun Nov 16 17:25:35 2025
!HSI 19.000000 -4.750000 -2.687500 0.011111 -0.092222 0.064444 -0.960000 0.190000 9.450000 27.375000 -9.875000 -13.875000 -0.150000 -0.280000 -0.290000 -0.800000 0.450000 9.760000 
294 Sun Nov 16 17:25:35 2025
!HSI 18.437500 -4.187500 -2.625000 0.021111 -0.081111 0.086667 -0.860000 0.190000 9.520000 26.875000 -11.000000 -13.187500 -0.140000 -0.250000 -0.240000 -0.710000 0.440000 9.770000 
295 Sun Nov 16 17:25:35 2025
!HSI 17.750000 -3.625000 -2.687500 0.048889 -0.081111 0.105556 -0.700000 0.200000 9.490000 25.062500 -11.062500 -13.375000 -0.080000 -0.260000 -0.280000 -0.620000 0.460000 9.770000 
296 Sun Nov 16 17:25:36 2025
!HSI 16.875000 -3.000000 -3.062500 0.082222 -0.086667 0.114444 -0.530000 0.270000 9.400000 25.000000 -11.250000 -13.562500 -0.010000 -0.250000 -0.360000 -0.510000 0.530000 9.770000 
297 Sun Nov 16 17:25:36 2025
!HSI 16.000000 -2.312500 -3.562500 0.093333 -0.092222 0.124444 -0.400000 0.290000 9.320000 22.875000 -12.875000 -13.375000 -0.010000 -0.320000 -0.450000 -0.380000 0.620000 9.770000 
298 Sun Nov 16 17:25:36 2025
!HSI 14.937500 -1.375000 -4.062500 0.101111 -0.125556 0.142222 -0.250000 0.300000 9.230000 22.875000 -13.500000 -14.500000 -0.020000 -0.380000 -0.520000 -0.220000 0.700000 9.770000 
299 Sun Nov 16 17:25:36 2025
!HSI 13.750000 -0.187500 -4.437500 0.093333 -0.158889 0.154444 -0.110000 0.350000 9.210000 21.187500 -16.250000 -14.687500 -0.070000 -0.400000 -0.560000 -0.030000 0.760000 9.770000 
300 Sun Nov 16 17:25:36 2025
!HSI 12.562500 0.812500 -4.625000 0.045556 -0.110000 0.157778 0.050000 0.460000 9.210000 20.250000 -16.000000 -16.000000 -0.100000 -0.330000 -0.550000 0.150000 0.790000 9.770000 
301 Sun Nov 16 17:25:36 2025
!HSI 11.375000 1.312500 -4.375000 0.005556 -0.002222 0.141111 0.160000 0.400000 9.330000 18.375000 -17.500000 -14.562500 -0.050000 -0.340000 -0.430000 0.220000 0.750000 9.770000 
302 Sun Nov 16 17:25:36 2025
!HSI 10.500000 0.875000 -4.125000 -0.021111 0.103333 0.066667 0.080000 0.540000 9.420000 19.250000 -17.250000 -16.062500 -0.060000 -0.160000 -0.350000 0.150000 0.710000 9.770000 
303 Sun Nov 16 17:25:37 2025
!HSI 10.125000 0.000000 -4.000000 0.008889 0.126667 0.035556 -0.060000 0.640000 9.530000 19.500000 -17.875000 -14.500000 -0.050000 -0.040000 -0.240000 -0.020000 0.680000 9.780000 
304 Sun Nov 16 17:25:37 2025
!HSI 9.937500 -0.875000 -4.312500 0.068889 0.098889 0.015556 -0.140000 0.550000 9.380000 19.562500 -18.250000 -13.687500 0.010000 -0.190000 -0.390000 -0.150000 0.740000 9.770000 
305 Sun Nov 16 17:25:37 2025
!HSI 9.562500 -1.750000 -5.000000 0.055556 0.028889 0.033333 -0.330000 0.630000 9.270000 20.500000 -18.250000 -13.875000 -0.010000 -0.230000 -0.480000 -0.310000 0.860000 9.760000 
306 Sun Nov 16 17:25:37 2025
!HSI 9.125000 -1.187500 -6.000000 0.065556 -0.066667 0.005556 -0.420000 0.790000 9.210000 20.500000 -19.000000 -13.562500 -0.210000 -0.230000 -0.530000 -0.210000 1.030000 9.740000 
307 Sun Nov 16 17:25:39 2025
!HSI 359.812500 -1.687500 -5.750000 -0.106667 0.015556 0.182222 -0.430000 0.590000 9.520000 18.250000 -22.375000 -12.500000 -0.130000 -0.380000 -0.220000 -0.290000 0.970000 9.750000 
308 Sun Nov 16 17:25:42 2025
!HSI 325.625000 -1.687500 1.437500 0.051111 -0.125556 0.243333 -0.240000 -0.560000 9.370000 5.687500 -21.687500 -14.750000 0.030000 -0.300000 -0.420000 -0.280000 -0.250000 9.790000 
309 Sun Nov 16 17:25:44 2025
!HSI 303.750000 -4.250000 -0.500000 0.084444 0.074444 0.146667 -0.600000 -0.200000 9.450000 1.375000 -23.187500 -15.000000 0.120000 -0.290000 -0.320000 -0.730000 0.090000 9.770000 
310 Sun Nov 16 17:25:46 2025
!HSI 285.625000 -10.562500 -4.937500 0.050000 0.014444 0.143333 -1.680000 0.480000 9.410000 0.500000 -24.875000 -14.187500 0.110000 -0.350000 -0.190000 -1.790000 0.830000 9.600000 
311 Sun Nov 16 17:25:48 2025
!HSI 271.000000 -0.812500 -7.562500 0.082222 -0.172222 0.113333 -0.140000 1.040000 9.660000 -9.375000 -25.187500 -14.375000 -0.020000 -0.250000 -0.050000 -0.120000 1.300000 9.710000 
312 Sun Nov 16 17:25:50 2025
!HSI 261.937500 8.500000 -19.125000 0.121111 0.012222 0.035556 1.320000 2.930000 8.830000 -13.750000 -29.500000 -10.062500 -0.160000 -0.240000 -0.340000 1.450000 3.190000 9.150000 
313 Sun Nov 16 17:25:53 2025
!HSI 256.812500 -8.062500 3.500000 -0.077778 -0.206667 -0.004444 -1.660000 -0.850000 10.020000 -3.187500 -16.500000 -31.250000 -0.280000 -0.260000 0.330000 -1.360000 -0.600000 9.690000 
314 Sun Nov 16 17:25:56 2025
!HSI 242.312500 -1.125000 1.562500 0.106667 -0.133333 0.164444 -0.240000 -0.490000 9.940000 -10.000000 -15.187500 -30.500000 -0.050000 -0.230000 0.140000 -0.180000 -0.250000 9.800000 
315 Sun Nov 16 17:25:58 2025
!HSI 223.125000 -0.312500 1.000000 0.005556 -0.042222 0.161111 -0.130000 -0.370000 9.860000 -15.562500 -13.750000 -31.875000 -0.070000 -0.190000 0.060000 -0.050000 -0.180000 9.800000 
316 Sun Nov 16 17:26:00 2025
!HSI 209.000000 -0.062500 0.562500 0.036667 0.078889 0.097778 0.030000 -0.410000 9.920000 -18.375000 -11.875000 -30.687500 0.050000 -0.310000 0.120000 -0.020000 -0.090000 9.800000 
317 Sun Nov 16 17:26:03 2025
!HSI 198.625000 -0.437500 0.625000 0.040000 -0.057778 0.053333 -0.050000 -0.330000 9.910000 -17.562500 -10.187500 -32.062500 0.010000 -0.220000 0.100000 -0.070000 -0.110000 9.800000 
318 Sun Nov 16 17:26:06 2025
!HSI 198.500000 0.062500 1.437500 -0.028889 0.002222 -0.038889 -0.080000 -0.530000 9.880000 -15.687500 -11.562500 -31.375000 -0.100000 -0.280000 0.080000 0.010000 -0.250000 9.800000 
319 Sun Nov 16 17:26:09 2025
!HSI 205.500000 1.187500 1.437500 0.074444 0.061111 -0.070000 0.100000 -0.230000 10.030000 -13.375000 -15.062500 -31.562500 -0.090000 0.020000 0.230000 0.200000 -0.250000 9.800000 
320 Sun Nov 16 17:26:11 2025
!HSI 204.062500 0.000000 0.750000 0.046667 -0.096667 0.045556 -0.140000 -0.360000 9.850000 -9.500000 -16.875000 -32.000000 -0.140000 -0.240000 0.040000 0.000000 -0.130000 9.800000 
321 Sun Nov 16 17:26:13 2025
!HSI 199.375000 1.500000 1.375000 -0.083333 -0.071111 0.035556 0.050000 -0.250000 9.920000 -12.500000 -14.687500 -31.562500 -0.220000 0.000000 0.120000 0.270000 -0.250000 9.790000 
322 Sun Nov 16 17:26:16 2025
!HSI 188.000000 0.875000 1.187500 -0.030000 0.048889 0.053333 0.050000 -0.330000 10.000000 -12.875000 -13.250000 -31.750000 -0.090000 -0.120000 0.200000 0.140000 -0.210000 9.800000 
323 Sun Nov 16 17:26:19 2025
!HSI 176.687500 0.062500 0.062500 -0.047778 0.023333 0.037778 -0.010000 -0.260000 9.600000 -13.000000 -12.750000 -31.375000 -0.020000 -0.240000 -0.200000 0.010000 -0.010000 9.800000 
324 Sun Nov 16 17:26:21 2025
!HSI 143.375000 -5.000000 4.500000 -0.216667 0.025556 0.863333 -0.700000 -1.070000 9.700000 -17.187500 -4.062500 -32.250000 0.160000 -0.280000 -0.030000 -0.870000 -0.780000 9.730000 
325 Sun Nov 16 17:26:23 2025
!HSI 74.187500 -1.687500 1.187500 -0.078889 0.197778 0.377778 0.140000 -0.310000 9.810000 -18.187500 12.375000 -32.062500 0.450000 -0.100000 0.010000 -0.300000 -0.210000 9.790000 
326 Sun Nov 16 17:26:25 2025
!HSI 41.562500 -1.312500 0.000000 0.116667 -0.180000 0.224444 -0.280000 -0.170000 -0.010000 0.500000 4.687500 -6.687500 -0.070000 -0.340000 0.000000 -0.210000 0.000000 9.800000 
