AVOE LOG FILE: Sun Nov 16 17:31:08 2025
1 Sun Nov 16 17:31:11 2025
!HSI 6.062500 -2.750000 6.312500 -0.126667 0.155556 -0.060000 -0.350000 -0.860000 9.120000 -3.250000 -9.750000 -8.687500 0.120000 0.210000 -0.600000 -0.470000 -1.070000 9.730000 
2 Sun Nov 16 17:31:11 2025
!HSI 7.937500 -3.562500 6.875000 0.112222 -0.094444 -0.127778 -0.730000 -0.990000 9.730000 -1.562500 -9.750000 -10.562500 -0.110000 0.190000 0.010000 -0.610000 -1.180000 9.710000 
3 Sun Nov 16 17:31:11 2025
!HSI 9.125000 -1.312500 3.562500 0.161111 -0.042222 -0.013333 -0.510000 -0.890000 9.610000 -4.750000 -12.250000 -8.750000 -0.280000 -0.280000 -0.160000 -0.230000 -0.610000 9.780000 
4 Sun Nov 16 17:31:12 2025
!HSI 9.062500 -4.250000 4.625000 -0.186667 0.208889 0.000000 -0.420000 -0.580000 9.300000 -3.187500 2035.000000 -11.750000 0.320000 0.220000 -0.440000 -0.740000 -0.810000 9.740000 
5 Sun Nov 16 17:31:12 2025
!HSI 9.500000 -2.937500 4.812500 0.168889 -0.300000 -0.048889 -0.570000 -0.730000 9.550000 -3.375000 -11.000000 -12.562500 -0.090000 0.070000 -0.200000 -0.470000 -0.810000 9.760000 
6 Sun Nov 16 17:31:12 2025
!HSI 10.062500 -0.375000 2.000000 0.041111 0.114444 -0.026667 -0.260000 -0.340000 9.390000 -6.062500 -12.875000 -13.000000 -0.190000 0.000000 -0.400000 -0.070000 -0.340000 9.800000 
7 Sun Nov 16 17:31:12 2025
!HSI 10.375000 -4.375000 3.687500 -0.088889 0.057778 0.007778 -0.680000 -0.480000 9.550000 -3.875000 -11.500000 -15.562500 0.060000 0.150000 -0.200000 -0.750000 -0.640000 9.750000 
8 Sun Nov 16 17:31:13 2025
!HSI 9.500000 -1.312500 2.375000 -36.270000 -0.183333 0.041111 -0.240000 -0.470000 9.360000 -5.000000 -12.500000 -16.687500 -0.020000 -0.060000 -0.420000 -0.220000 -0.410000 9.790000 
9 Sun Nov 16 17:31:13 2025
!HSI 9.562500 -1.812500 2.000000 -0.100000 0.221111 -0.021111 -0.460000 -0.480000 9.430000 -6.250000 -12.375000 -14.375000 -0.130000 -0.130000 -0.350000 -0.330000 -0.350000 9.790000 
10 Sun Nov 16 17:31:13 2025
!HSI 9.625000 -4.875000 4.937500 -0.195556 0.047778 0.002222 -0.680000 -0.620000 9.550000 -4.187500 -12.000000 -17.500000 0.160000 0.220000 -0.150000 -0.840000 -0.860000 9.730000 
11 Sun Nov 16 17:31:14 2025
!HSI 9.250000 -3.250000 5.687500 0.075556 -0.150000 0.038889 -0.470000 -0.820000 9.670000 -6.375000 -10.375000 -18.562500 0.060000 0.140000 -0.070000 -0.540000 -0.970000 9.740000 
12 Sun Nov 16 17:31:14 2025
!HSI 8.625000 -2.062500 3.750000 0.062222 0.016667 0.013333 -0.370000 -0.780000 9.270000 -6.750000 -10.687500 -17.500000 -0.010000 -0.130000 -0.490000 -0.350000 -0.640000 9.770000 
13 Sun Nov 16 17:31:14 2025
!HSI 8.812500 -3.125000 4.687500 -0.122222 0.064444 -0.014444 -0.610000 -0.840000 9.490000 -6.062500 -11.250000 -19.000000 -0.070000 -0.020000 -0.260000 -0.540000 -0.810000 9.750000 
14 Sun Nov 16 17:31:17 2025
!HSI 7.062500 -1.937500 5.375000 -0.046667 -0.077778 0.012222 -0.290000 -0.840000 9.740000 -7.500000 -9.500000 -18.687500 0.040000 0.070000 -0.010000 -0.320000 -0.920000 9.750000 
15 Sun Nov 16 17:31:20 2025
!HSI 10.187500 -2.875000 5.687500 -0.083333 -0.027778 -0.047778 -0.530000 -0.850000 9.500000 -5.687500 -10.062500 -20.750000 -0.030000 0.110000 -0.230000 -0.490000 -0.970000 9.740000 
16 Sun Nov 16 17:31:21 2025
!HSI 16.562500 -1.937500 5.562500 -0.046667 0.052222 -0.015556 -0.350000 -0.720000 9.550000 -6.562500 -10.687500 -20.187500 -0.020000 0.220000 -0.210000 -0.330000 -0.950000 9.750000 
17 Sun Nov 16 17:31:23 2025
!HSI 15.937500 -2.687500 5.125000 -0.086667 0.027778 -0.006667 -0.480000 -0.840000 9.380000 -6.687500 -11.375000 -21.000000 -0.010000 0.040000 -0.360000 -0.470000 -0.880000 9.750000 
18 Sun Nov 16 17:31:27 2025
!HSI 15.750000 -3.187500 4.625000 0.038889 0.017778 0.003333 -0.470000 -0.800000 9.390000 -6.500000 -11.500000 -21.500000 0.070000 -0.010000 -0.350000 -0.550000 -0.790000 9.750000 
19 Sun Nov 16 17:31:30 2025
!HSI 15.937500 -1.812500 4.375000 0.058889 -0.053333 -0.022222 -0.370000 -0.840000 9.500000 -7.875000 -12.000000 -21.875000 -0.050000 -0.080000 -0.270000 -0.310000 -0.750000 9.770000 
