AVOE LOG FILE: Sun Nov 16 17:28:58 2025
1 Sun Nov 16 17:29:00 2025
!HSI 359.000000 -1.375000 4.687500 -0.054444 0.054444 0.048889 -0.240000 -0.840000 9.570000 -0.187500 -18.062500 -7.750000 0.000000 -0.040000 -0.190000 -0.240000 -0.800000 9.770000 
2 Sun Nov 16 17:29:00 2025
!HSI 358.437500 -3.062500 5.562500 -0.035556 0.075556 0.024444 -0.360000 -0.920000 9.420000 0.250000 -17.062500 -8.062500 0.170000 0.030000 -0.320000 -0.530000 -0.960000 9.740000 
3 Sun Nov 16 17:29:00 2025
!HSI 358.250000 -3.062500 5.750000 0.014444 -0.062222 0.014444 -0.460000 -0.860000 9.590000 1.562500 -16.687500 -8.187500 0.050000 0.110000 -0.150000 -0.520000 -0.980000 9.740000 
4 Sun Nov 16 17:29:01 2025
!HSI 357.687500 -2.187500 5.125000 0.041111 0.007778 0.037778 -0.370000 -0.920000 9.610000 -0.187500 -17.062500 -9.562500 0.000000 -0.040000 -0.140000 -0.370000 -0.870000 9.760000 
5 Sun Nov 16 17:29:01 2025
!HSI 357.500000 -3.437500 4.875000 0.005556 0.090000 0.007778 -0.370000 -0.910000 9.330000 1.062500 -17.562500 -10.062500 0.220000 -0.080000 -0.420000 -0.590000 -0.830000 9.750000 
6 Sun Nov 16 17:29:01 2025
!HSI 357.500000 -3.062500 5.250000 -0.035556 -0.111111 -0.001111 -0.440000 -0.800000 9.420000 1.062500 -17.750000 -9.375000 0.080000 0.090000 -0.320000 -0.520000 -0.890000 9.750000 
7 Sun Nov 16 17:29:02 2025
!HSI 357.250000 -1.625000 5.875000 -0.057778 -0.008889 0.014444 -0.410000 -0.920000 9.770000 -0.687500 -16.875000 -9.687500 -0.130000 0.090000 0.020000 -0.270000 -1.010000 9.740000 
8 Sun Nov 16 17:29:02 2025
!HSI 357.250000 -3.062500 6.250000 0.056667 0.084444 0.000000 -0.400000 -0.980000 9.600000 1.000000 -17.062500 -10.500000 0.110000 0.040000 -0.160000 -0.530000 -1.060000 9.730000 
9 Sun Nov 16 17:29:02 2025
!HSI 356.937500 -2.562500 4.375000 0.080000 -0.090000 0.037778 -0.370000 -0.900000 9.270000 -1.062500 -17.500000 -10.000000 0.060000 -0.150000 -0.490000 -0.440000 -0.750000 9.760000 
10 Sun Nov 16 17:29:03 2025
!HSI 356.625000 -2.500000 5.250000 -0.132222 0.070000 0.004444 -0.330000 -0.880000 9.520000 -0.375000 -18.000000 -11.000000 0.090000 0.030000 -0.230000 -0.430000 -0.910000 9.750000 
11 Sun Nov 16 17:29:03 2025
!HSI 356.375000 -2.687500 6.625000 -0.010000 -0.057778 0.022222 -0.490000 -0.960000 9.630000 0.750000 -15.500000 -11.500000 -0.030000 0.160000 -0.090000 -0.460000 -1.130000 9.720000 
12 Sun Nov 16 17:29:03 2025
!HSI 356.000000 -2.062500 5.625000 0.086667 0.014444 0.011111 -0.300000 -0.970000 9.660000 -0.750000 -16.875000 -9.875000 0.050000 -0.010000 -0.080000 -0.350000 -0.950000 9.750000 
13 Sun Nov 16 17:29:03 2025
!HSI 356.125000 -2.687500 5.062500 -0.015556 0.034444 -0.017778 -0.310000 -0.990000 9.290000 -0.062500 -17.062500 -10.875000 0.150000 -0.120000 -0.460000 -0.470000 -0.860000 9.750000 
14 Sun Nov 16 17:29:04 2025
!HSI 356.187500 -1.937500 6.062500 -0.081111 -0.074444 0.014444 -0.410000 -0.910000 9.400000 0.187500 -17.375000 -11.000000 -0.080000 0.120000 -0.340000 -0.320000 -1.040000 9.740000 
15 Sun Nov 16 17:29:04 2025
!HSI 355.687500 -1.875000 7.000000 -0.031111 0.063333 0.014444 -0.220000 -1.050000 9.760000 -0.750000 -15.750000 -12.500000 0.110000 0.120000 0.040000 -0.330000 -1.200000 9.720000 
16 Sun Nov 16 17:29:04 2025
!HSI 355.937500 -2.562500 6.375000 0.091111 0.011111 -0.025556 -0.360000 -1.150000 9.670000 0.000000 -16.062500 -12.250000 0.070000 -0.060000 -0.060000 -0.440000 -1.090000 9.730000 
17 Sun Nov 16 17:29:05 2025
!HSI 356.375000 -2.125000 5.437500 -0.026667 -0.016667 -0.022222 -0.410000 -1.030000 9.310000 -0.500000 -17.562500 -11.250000 -0.050000 -0.090000 -0.430000 -0.360000 -0.930000 9.750000 
18 Sun Nov 16 17:29:05 2025
!HSI 356.687500 -2.000000 6.687500 -0.062222 -0.001111 -0.037778 -0.330000 -1.000000 9.490000 -1.187500 -17.750000 -13.000000 0.020000 0.140000 -0.230000 -0.350000 -1.150000 9.730000 
19 Sun Nov 16 17:29:05 2025
!HSI 358.062500 -2.125000 6.812500 0.044444 0.040000 -0.111111 -0.320000 -1.130000 9.690000 -0.750000 -16.250000 -13.875000 0.040000 0.030000 -0.030000 -0.370000 -1.160000 9.720000 
20 Sun Nov 16 17:29:06 2025
!HSI 359.625000 -2.312500 6.125000 0.033333 -0.012222 -0.068889 -0.440000 -1.090000 9.510000 0.562500 -18.375000 -12.750000 -0.020000 -0.050000 -0.210000 -0.400000 -1.040000 9.740000 
21 Sun Nov 16 17:29:06 2025
!HSI 0.625000 -1.750000 5.937500 -0.004444 -0.020000 -0.062222 -0.420000 -0.970000 9.350000 -0.500000 -17.687500 -12.062500 -0.120000 0.040000 -0.390000 -0.290000 -1.020000 9.740000 
22 Sun Nov 16 17:29:06 2025
!HSI 1.625000 -1.750000 6.000000 0.003333 0.051111 -0.068889 -0.350000 -0.970000 9.590000 -0.375000 -18.250000 -12.187500 -0.040000 0.040000 -0.150000 -0.300000 -1.020000 9.740000 
23 Sun Nov 16 17:29:06 2025
!HSI 3.250000 -2.500000 5.562500 0.073333 0.003333 -0.125556 -0.430000 -0.880000 9.600000 0.250000 -18.750000 -11.875000 0.000000 0.060000 -0.140000 -0.420000 -0.940000 9.750000 
24 Sun Nov 16 17:29:07 2025
!HSI 5.437500 -0.875000 4.812500 0.008889 -0.132222 -0.110000 -0.460000 -0.840000 9.340000 1.000000 -19.750000 -12.875000 -0.310000 -0.010000 -0.420000 -0.150000 -0.820000 9.770000 
25 Sun Nov 16 17:29:07 2025
!HSI 7.000000 -1.062500 5.625000 -0.080000 0.136667 -0.086667 -0.270000 -0.860000 9.580000 0.375000 -19.187500 -12.187500 -0.090000 0.110000 -0.170000 -0.190000 -0.970000 9.750000 
26 Sun Nov 16 17:29:07 2025
!HSI 8.750000 -2.937500 6.312500 0.022222 -0.001111 -0.100000 -0.420000 -1.090000 9.550000 2.250000 -18.562500 -13.062500 0.070000 -0.010000 -0.170000 -0.500000 -1.080000 9.730000 
27 Sun Nov 16 17:29:08 2025
!HSI 10.125000 -0.875000 5.937500 0.015556 -0.156667 -0.072222 -0.440000 -1.050000 9.440000 1.500000 -18.500000 -13.750000 -0.300000 -0.030000 -0.300000 -0.130000 -1.010000 9.750000 
28 Sun Nov 16 17:29:08 2025
!HSI 10.812500 -0.812500 6.375000 -0.053333 0.130000 -0.026667 -0.360000 -1.040000 9.520000 1.687500 -19.187500 -12.875000 -0.200000 0.040000 -0.210000 -0.160000 -1.090000 9.740000 
29 Sun Nov 16 17:29:08 2025
!HSI 11.500000 -3.250000 6.937500 -0.001111 0.102222 -0.046667 -0.490000 -1.100000 9.600000 3.375000 -18.875000 -14.562500 0.070000 0.090000 -0.110000 -0.560000 -1.190000 9.710000 
30 Sun Nov 16 17:29:09 2025
!HSI 12.312500 -2.687500 6.125000 0.081111 -0.104444 -0.043333 -0.570000 -1.070000 9.500000 2.750000 -18.500000 -14.375000 -0.110000 -0.020000 -0.220000 -0.460000 -1.050000 9.730000 
31 Sun Nov 16 17:29:09 2025
!HSI 12.875000 -1.562500 5.375000 -0.012222 -0.011111 -0.030000 -0.430000 -0.940000 9.340000 2.062500 -19.375000 -14.687500 -0.150000 -0.010000 -0.410000 -0.270000 -0.920000 9.750000 
32 Sun Nov 16 17:29:09 2025
!HSI 13.437500 -2.250000 6.437500 -0.063333 0.065556 -0.031111 -0.410000 -0.980000 9.580000 2.375000 -18.875000 -15.562500 -0.020000 0.110000 -0.150000 -0.390000 -1.100000 9.730000 
33 Sun Nov 16 17:29:10 2025
!HSI 13.937500 -2.375000 6.562500 0.051111 -0.078889 -0.030000 -0.440000 -1.020000 9.580000 3.750000 -19.062500 -15.750000 -0.030000 0.090000 -0.150000 -0.400000 -1.120000 9.730000 
34 Sun Nov 16 17:29:10 2025
!HSI 14.187500 -0.625000 5.437500 0.094444 -0.131111 -0.013333 -0.390000 -0.990000 9.520000 2.250000 -19.062500 -14.687500 -0.270000 -0.060000 -0.230000 -0.110000 -0.920000 9.760000 
35 Sun Nov 16 17:29:10 2025
!HSI 14.375000 -1.750000 4.812500 -0.028889 0.212222 -0.017778 -0.220000 -0.830000 9.360000 1.375000 -20.500000 -15.375000 0.080000 0.000000 -0.400000 -0.320000 -0.830000 9.760000 
36 Sun Nov 16 17:29:10 2025
!HSI 14.625000 -3.062500 5.562500 -0.020000 -0.118889 0.003333 -0.590000 -0.860000 9.460000 3.687500 -19.500000 -16.187500 -0.070000 0.090000 -0.280000 -0.520000 -0.950000 9.740000 
37 Sun Nov 16 17:29:11 2025
!HSI 14.000000 -0.937500 5.312500 0.032222 -0.071111 0.036667 -0.310000 -0.880000 9.730000 2.000000 -19.875000 -16.375000 -0.150000 0.030000 -0.020000 -0.160000 -0.910000 9.760000 
38 Sun Nov 16 17:29:11 2025
!HSI 13.812500 -2.375000 4.875000 0.012222 0.133333 0.000000 -0.250000 -0.890000 9.370000 2.500000 -20.250000 -17.875000 0.150000 -0.060000 -0.390000 -0.410000 -0.830000 9.760000 
39 Sun Nov 16 17:29:11 2025
!HSI 13.687500 -2.187500 4.875000 0.010000 -0.141111 0.034444 -0.430000 -0.750000 9.460000 3.000000 -20.250000 -17.562500 -0.060000 0.070000 -0.290000 -0.360000 -0.830000 9.760000 
40 Sun Nov 16 17:29:12 2025
!HSI 12.875000 -0.625000 4.937500 -0.040000 0.031111 0.027778 -0.190000 -0.820000 9.610000 2.187500 -20.250000 -17.000000 -0.080000 0.020000 -0.140000 -0.110000 -0.840000 9.760000 
41 Sun Nov 16 17:29:12 2025
!HSI 12.875000 -2.875000 5.812500 -0.043333 0.143333 -0.010000 -0.350000 -0.880000 9.520000 2.062500 -20.062500 -17.500000 0.140000 0.110000 -0.210000 -0.500000 -0.990000 9.740000 
42 Sun Nov 16 17:29:14 2025
!HSI 1.125000 -1.062500 2.375000 -0.005556 -0.117778 0.158889 0.020000 -0.310000 9.450000 -1.875000 -20.500000 -17.500000 0.200000 0.090000 -0.330000 -0.170000 -0.400000 9.790000 
43 Sun Nov 16 17:29:16 2025
!HSI 353.937500 -2.562500 2.187500 -0.035556 0.052222 0.042222 -0.420000 -0.370000 9.460000 -5.062500 -19.687500 -18.750000 0.020000 0.000000 -0.320000 -0.440000 -0.370000 9.780000 
44 Sun Nov 16 17:29:19 2025
!HSI 350.687500 -2.687500 3.562500 -0.004444 0.075556 0.005556 -0.240000 -0.700000 9.350000 -5.750000 -17.062500 -21.687500 0.180000 -0.070000 -0.380000 -0.460000 -0.610000 9.770000 
45 Sun Nov 16 17:29:22 2025
!HSI 350.437500 -2.375000 4.062500 -0.027778 0.018889 0.012222 -0.370000 -0.750000 9.540000 -5.187500 -17.375000 -23.000000 0.040000 -0.050000 -0.220000 -0.410000 -0.690000 9.770000 
46 Sun Nov 16 17:29:24 2025
!HSI 350.250000 -2.875000 5.375000 -0.051111 0.013333 0.002222 -0.430000 -0.790000 9.480000 -6.375000 -17.062500 -22.750000 0.060000 0.120000 -0.260000 -0.490000 -0.920000 9.750000 
47 Sun Nov 16 17:29:27 2025
!HSI 350.125000 -3.000000 4.375000 0.043333 -0.002222 -0.002222 -0.450000 -0.840000 9.450000 -5.750000 -17.375000 -23.000000 0.060000 -0.090000 -0.300000 -0.510000 -0.750000 9.760000 
48 Sun Nov 16 17:29:29 2025
!HSI 350.625000 -3.062500 5.125000 0.014444 -0.067778 -0.015556 -0.440000 -0.870000 9.430000 -5.562500 -16.500000 -23.875000 0.070000 0.010000 -0.320000 -0.510000 -0.880000 9.750000 
49 Sun Nov 16 17:29:32 2025
!HSI 352.562500 -1.812500 4.687500 0.091111 -0.227778 -0.014444 -0.330000 -0.870000 9.560000 -5.687500 -17.375000 -22.687500 0.000000 -0.050000 -0.220000 -0.310000 -0.800000 9.760000 
50 Sun Nov 16 17:29:35 2025
!HSI 354.437500 -2.312500 5.000000 -0.057778 -0.054444 0.044444 -0.450000 -0.860000 9.430000 -5.750000 -18.187500 -25.000000 -0.060000 0.000000 -0.320000 -0.390000 -0.860000 9.760000 
51 Sun Nov 16 17:29:37 2025
!HSI 349.312500 -3.250000 3.875000 0.044444 -0.003333 0.050000 -0.460000 -0.750000 9.330000 -7.062500 -16.250000 -25.000000 0.080000 -0.090000 -0.460000 -0.550000 -0.660000 9.760000 
52 Sun Nov 16 17:29:39 2025
!HSI 345.250000 -2.187500 5.375000 0.005556 0.031111 0.054444 -0.210000 -0.920000 9.590000 -9.687500 -13.500000 -24.500000 0.170000 0.000000 -0.150000 -0.380000 -0.920000 9.750000 
53 Sun Nov 16 17:29:42 2025
!HSI 342.187500 -3.000000 5.687500 0.013333 -0.053333 -0.007778 -0.480000 -0.960000 9.500000 -9.687500 -12.062500 -25.500000 0.030000 0.020000 -0.220000 -0.510000 -0.970000 9.740000 
54 Sun Nov 16 17:29:45 2025
!HSI 348.500000 -1.562500 5.375000 0.026667 -0.066667 -0.055556 -0.400000 -1.010000 9.420000 -8.000000 -14.562500 -24.562500 -0.130000 -0.090000 -0.330000 -0.260000 -0.920000 9.750000 
55 Sun Nov 16 17:29:47 2025
!HSI 356.937500 -1.500000 4.625000 0.002222 0.020000 -0.074444 -0.370000 -0.770000 9.540000 -6.500000 -17.500000 -24.750000 -0.110000 0.020000 -0.220000 -0.260000 -0.790000 9.770000 
56 Sun Nov 16 17:29:49 2025
!HSI 5.125000 -1.687500 5.312500 -0.035556 -0.021111 -0.053333 -0.460000 -0.880000 9.490000 -3.500000 -18.687500 -25.000000 -0.170000 0.030000 -0.260000 -0.290000 -0.910000 9.750000 
57 Sun Nov 16 17:29:51 2025
!HSI 10.125000 -1.625000 4.812500 -0.050000 0.004444 -0.046667 -0.410000 -0.790000 9.410000 -3.000000 -20.250000 -26.000000 -0.130000 0.020000 -0.340000 -0.280000 -0.830000 9.760000 
58 Sun Nov 16 17:29:54 2025
!HSI 11.437500 -3.000000 3.375000 -0.038889 -0.071111 -0.001111 -0.450000 -0.590000 9.620000 0.000000 -21.250000 -28.062500 0.050000 -0.010000 -0.150000 -0.510000 -0.580000 9.770000 
59 Sun Nov 16 17:29:57 2025
!HSI 9.875000 -2.125000 4.437500 0.025556 -0.048889 0.015556 -0.460000 -0.780000 9.430000 -1.375000 -20.250000 -28.375000 -0.100000 -0.020000 -0.330000 -0.360000 -0.750000 9.770000 
60 Sun Nov 16 17:30:00 2025
!HSI 9.562500 -3.437500 4.562500 -0.016667 0.040000 0.022222 -0.540000 -0.730000 9.530000 4.875000 -18.562500 -8.500000 0.040000 0.050000 -0.210000 -0.590000 -0.780000 9.750000 
